Date,High,Low,Open,Close,Volume,Adj Close,Ticker
2006-01-03,10.925000190734863,10.667499542236328,10.848750114440918,10.743749618530273,18468800.0,5.630650997161865,NKE
2006-01-04,10.800000190734863,10.668749809265137,10.706250190734863,10.693750381469727,15832000.0,5.604445934295653,NKE
2006-01-05,10.826250076293944,10.693750381469727,10.693750381469727,10.758749961853027,9256000.0,5.638512134552003,NKE
2006-01-06,10.827500343322754,10.712499618530273,10.787500381469727,10.725000381469727,7573600.0,5.620824337005615,NKE
2006-01-09,10.977499961853027,10.720000267028807,10.725000381469727,10.875,10441600.0,5.699437618255615,NKE
2006-01-10,10.982500076293944,10.797499656677246,10.806249618530273,10.897500038146973,11837600.0,5.71122932434082,NKE
2006-01-11,11.00749969482422,10.875,10.912500381469727,10.912500381469727,10372800.0,5.719089031219482,NKE
2006-01-12,11.020000457763672,10.751250267028807,11.020000457763672,10.78874969482422,11159200.0,5.654234409332275,NKE
2006-01-13,10.890000343322754,10.681249618530273,10.837499618530273,10.774999618530273,9612000.0,5.64702844619751,NKE
2006-01-17,10.75,10.637499809265137,10.75,10.649999618530273,11075200.0,5.581516742706299,NKE
2006-01-18,10.68000030517578,10.545000076293944,10.631250381469727,10.579999923706056,9202400.0,5.544830322265625,NKE
2006-01-19,10.619999885559082,10.5,10.5287504196167,10.587499618530273,8888800.0,5.548760890960693,NKE
2006-01-20,10.703749656677246,10.478750228881836,10.637499809265137,10.524999618530273,16132000.0,5.516008377075195,NKE
2006-01-23,10.5,10.18375015258789,10.449999809265137,10.431249618530273,38273600.0,5.4668731689453125,NKE
2006-01-24,10.5649995803833,10.391249656677246,10.53874969482422,10.5024995803833,16800000.0,5.504213809967041,NKE
2006-01-25,10.567500114440918,10.487500190734863,10.50749969482422,10.532500267028807,10268800.0,5.51993989944458,NKE
2006-01-26,10.642499923706056,10.47249984741211,10.642499923706056,10.4975004196167,15965600.0,5.5015950202941895,NKE
2006-01-27,10.578749656677246,10.385000228881836,10.5287504196167,10.393750190734863,17025600.0,5.44722318649292,NKE
2006-01-30,10.348750114440918,10.074999809265137,10.327500343322754,10.225000381469727,78979200.0,5.358778953552246,NKE
2006-01-31,10.256250381469727,10.109999656677246,10.225000381469727,10.118749618530273,20348000.0,5.3030967712402335,NKE
2006-02-01,10.515000343322754,10.151249885559082,10.15625,10.391249656677246,35525600.0,5.445908546447754,NKE
2006-02-02,10.488750457763672,10.375,10.397500038146973,10.418749809265137,20464800.0,5.460322856903076,NKE
2006-02-03,10.477499961853027,10.342499732971193,10.362500190734863,10.46125030517578,15826400.0,5.4825968742370605,NKE
2006-02-06,10.71875,10.505000114440918,10.675000190734863,10.518750190734863,19246400.0,5.512728691101074,NKE
2006-02-07,10.587499618530273,10.401249885559082,10.537500381469727,10.432499885559082,10368800.0,5.467529296875,NKE
2006-02-08,10.618749618530273,10.4375,10.463749885559082,10.548749923706056,18636800.0,5.528455257415772,NKE
2006-02-09,10.55500030517578,10.448749542236328,10.475000381469727,10.486249923706056,9232800.0,5.495697975158691,NKE
2006-02-10,10.58625030517578,10.38249969482422,10.58625030517578,10.55875015258789,10339200.0,5.533695697784424,NKE
2006-02-13,10.543749809265137,10.395000457763672,10.518750190734863,10.53499984741211,9512800.0,5.5212483406066895,NKE
2006-02-14,10.579999923706056,10.451250076293944,10.53499984741211,10.5,11758400.0,5.502903938293457,NKE
2006-02-15,10.625,10.46875,10.53125,10.5337495803833,9453600.0,5.520593643188477,NKE
2006-02-16,10.635000228881836,10.541250228881836,10.618749618530273,10.595000267028807,6254400.0,5.552692890167236,NKE
2006-02-17,10.6537504196167,10.512499809265137,10.53125,10.612500190734863,8001600.0,5.56186580657959,NKE
2006-02-21,10.661250114440918,10.5625,10.600000381469727,10.635000228881836,8744000.0,5.57365608215332,NKE
2006-02-22,10.866250038146973,10.638750076293944,10.65625,10.74250030517578,12035200.0,5.6299967765808105,NKE
2006-02-23,10.926250457763672,10.71875,10.74250030517578,10.821249961853027,10108000.0,5.671267509460449,NKE
2006-02-24,10.9375,10.800000190734863,10.821249961853027,10.899999618530273,11014400.0,5.712540149688722,NKE
2006-02-27,10.962499618530273,10.833749771118164,10.901249885559082,10.912500381469727,7179200.0,5.719089031219482,NKE
2006-02-28,10.978750228881836,10.827500343322754,10.850000381469727,10.84749984741211,18676000.0,5.685024738311768,NKE
2006-03-01,10.892499923706056,10.774999618530273,10.831250190734863,10.78874969482422,10713600.0,5.654234409332275,NKE
2006-03-02,10.798749923706056,10.668749809265137,10.71875,10.756250381469727,13876000.0,5.6372032165527335,NKE
2006-03-03,10.84000015258789,10.723750114440918,10.731249809265137,10.787500381469727,8387200.0,5.653577327728272,NKE
2006-03-06,11.005000114440918,10.78125,10.8125,10.864999771118164,14712800.0,5.694195747375487,NKE
2006-03-07,10.707500457763672,10.50374984741211,10.707500457763672,10.612500190734863,24400000.0,5.56186580657959,NKE
2006-03-08,10.635000228881836,10.5625,10.59375,10.625,19901600.0,5.568414211273193,NKE
2006-03-09,10.686249732971193,10.592499732971193,10.600000381469727,10.668749809265137,11776000.0,5.759383678436278,NKE
2006-03-10,10.71875,10.598750114440918,10.668749809265137,10.623749732971193,9075200.0,5.7350897789001465,NKE
2006-03-13,10.62874984741211,10.532500267028807,10.623749732971193,10.556249618530273,9057600.0,5.698651313781737,NKE
2006-03-14,10.579999923706056,10.52375030517578,10.550000190734863,10.577500343322754,8360000.0,5.710122108459473,NKE
2006-03-15,10.65999984741211,10.551250457763672,10.626250267028807,10.6274995803833,11728000.0,5.7371134757995605,NKE
2006-03-16,10.80875015258789,10.625,10.625,10.7524995803833,12339200.0,5.804595470428468,NKE
2006-03-17,10.739999771118164,10.662500381469727,10.7212495803833,10.677499771118164,11220800.0,5.7641048431396475,NKE
2006-03-20,10.77750015258789,10.612500190734863,10.625,10.688750267028807,15207200.0,5.77017879486084,NKE
2006-03-21,10.6899995803833,10.58625030517578,10.6899995803833,10.618749618530273,19258400.0,5.732389450073242,NKE
2006-03-22,10.897500038146973,10.5625,10.612500190734863,10.852499961853027,38750400.0,5.858578205108643,NKE
2006-03-23,10.887499809265137,10.75,10.84375,10.751250267028807,23581600.0,5.803919792175293,NKE
2006-03-24,10.842499732971193,10.688750267028807,10.763750076293944,10.744999885559082,12403200.0,5.800543785095215,NKE
2006-03-27,10.731249809265137,10.631250381469727,10.731249809265137,10.681249618530273,8194400.0,5.766129016876222,NKE
2006-03-28,10.729999542236328,10.59749984741211,10.662500381469727,10.649999618530273,8464000.0,5.749259948730469,NKE
2006-03-29,10.693750381469727,10.625,10.637499809265137,10.692500114440918,6694400.0,5.772204875946045,NKE
2006-03-30,10.741250038146973,10.582500457763672,10.737500190734863,10.625,11872000.0,5.735763072967528,NKE
2006-03-31,10.649999618530273,10.581250190734863,10.625,10.637499809265137,8536800.0,5.742512226104736,NKE
2006-04-03,10.732500076293944,10.581250190734863,10.637499809265137,10.613750457763672,11781600.0,5.7296905517578125,NKE
2006-04-04,10.647500038146973,10.501250267028807,10.612500190734863,10.630000114440918,7724000.0,5.738463401794434,NKE
2006-04-05,10.643750190734863,10.52750015258789,10.612500190734863,10.571249961853027,7793600.0,5.7067484855651855,NKE
2006-04-06,10.640000343322754,10.487500190734863,10.587499618530273,10.607500076293944,11317600.0,5.726317405700684,NKE
2006-04-07,10.668749809265137,10.442500114440918,10.643750190734863,10.453749656677246,10429600.0,5.643317699432372,NKE
2006-04-10,10.512499809265137,10.337499618530273,10.477499961853027,10.386249542236328,10723200.0,5.606878280639648,NKE
2006-04-11,10.49250030517578,10.28874969482422,10.443750381469727,10.311249732971193,10032000.0,5.566390037536621,NKE
2006-04-12,10.348750114440918,10.25374984741211,10.311249732971193,10.318750381469727,11932800.0,5.5704379081726065,NKE
2006-04-13,10.462499618530273,10.31999969482422,10.331250190734863,10.412500381469727,13517600.0,5.621051788330078,NKE
2006-04-17,10.40625,10.15625,10.404999732971193,10.22624969482422,16674400.0,5.520506381988525,NKE
2006-04-18,10.267499923706056,10.186249732971193,10.21875,10.21875,17185600.0,5.516455173492432,NKE
2006-04-19,10.302499771118164,10.192500114440918,10.225000381469727,10.265000343322754,9879200.0,5.5414228439331055,NKE
2006-04-20,10.375,10.255000114440918,10.256250381469727,10.353750228881836,7444800.0,5.5893378257751465,NKE
2006-04-21,10.393750190734863,10.3149995803833,10.387499809265137,10.3774995803833,9226400.0,5.602153778076172,NKE
2006-04-24,10.37874984741211,10.3125,10.3774995803833,10.337499618530273,11511200.0,5.5805625915527335,NKE
2006-04-25,10.353750228881836,10.212499618530273,10.324999809265137,10.2524995803833,9793600.0,5.534675598144531,NKE
2006-04-26,10.3100004196167,10.119999885559082,10.2837495803833,10.157500267028807,12454400.0,5.483390808105469,NKE
2006-04-27,10.24250030517578,10.045000076293944,10.045000076293944,10.229999542236328,10345600.0,5.522529125213623,NKE
2006-04-28,10.298749923706056,10.1587495803833,10.268750190734863,10.229999542236328,6699200.0,5.522529125213623,NKE
2006-05-01,10.302499771118164,10.19124984741211,10.25374984741211,10.212499618530273,9552800.0,5.513081073760986,NKE
2006-05-02,10.28874969482422,10.196249961853027,10.262499809265137,10.196249961853027,7672800.0,5.504308700561523,NKE
2006-05-03,10.225000381469727,10.068750381469727,10.197500228881836,10.141249656677246,11987200.0,5.474616527557373,NKE
2006-05-04,10.237500190734863,10.118749618530273,10.168749809265137,10.119999885559082,8754400.0,5.46314811706543,NKE
2006-05-05,10.197500228881836,10.116250038146973,10.147500038146973,10.193750381469727,6836000.0,5.502959728240967,NKE
2006-05-08,10.30500030517578,10.1899995803833,10.199999809265137,10.28125,7833600.0,5.550195693969727,NKE
2006-05-09,10.356249809265137,10.267499923706056,10.293749809265137,10.274999618530273,6925600.0,5.54682207107544,NKE
2006-05-10,10.364999771118164,10.274999618530273,10.300000190734863,10.291250228881836,7316000.0,5.555593490600586,NKE
2006-05-11,10.387499809265137,10.142499923706056,10.366250038146973,10.16374969482422,8680000.0,5.486764430999756,NKE
2006-05-12,10.238750457763672,10.116250038146973,10.125,10.1875,10314400.0,5.499584197998047,NKE
2006-05-15,10.21125030517578,10.125,10.125,10.204999923706056,9813600.0,5.509033679962158,NKE
2006-05-16,10.261249542236328,10.063750267028807,10.22624969482422,10.083749771118164,12880000.0,5.443577289581299,NKE
2006-05-17,10.112500190734863,9.973750114440918,10.00749969482422,10.037500381469727,15206400.0,5.418610095977783,NKE
2006-05-18,10.119999885559082,9.938750267028807,9.938750267028807,9.96875,11856800.0,5.381494998931885,NKE
2006-05-19,9.956250190734863,9.72249984741211,9.949999809265137,9.837499618530273,31140800.0,5.310643672943115,NKE
2006-05-22,9.881250381469727,9.673749923706056,9.8125,9.7475004196167,23106400.0,5.26205587387085,NKE
2006-05-23,10.1875,9.837499618530273,9.837499618530273,9.873749732971193,26717600.0,5.330212116241455,NKE
2006-05-24,9.946249961853027,9.801250457763672,9.875,9.907500267028807,13388000.0,5.3484320640563965,NKE
2006-05-25,9.97249984741211,9.87125015258789,9.956250190734863,9.956250190734863,6053600.0,5.374748706817627,NKE
2006-05-26,10.19124984741211,9.982500076293944,9.989999771118164,10.126250267028807,12556800.0,5.4665207862854,NKE
2006-05-30,10.111249923706056,9.998749732971193,10.106249809265137,10.0,7715200.0,5.398367404937744,NKE
2006-05-31,10.076250076293944,10.0,10.0,10.03874969482422,10692000.0,5.419287204742432,NKE
2006-06-01,10.19124984741211,10.0337495803833,10.051250457763672,10.177499771118164,11068000.0,5.494186878204347,NKE
2006-06-02,10.270000457763672,10.133749961853027,10.172499656677246,10.223750114440918,10720800.0,5.519153594970703,NKE
2006-06-05,10.225000381469727,10.018750190734863,10.223750114440918,10.03125,14556800.0,5.415238857269287,NKE
2006-06-06,10.09000015258789,9.987500190734863,10.0625,10.024999618530273,9316800.0,5.4118614196777335,NKE
2006-06-07,10.147500038146973,10.029999732971193,10.03125,10.092499732971193,18972000.0,5.448301792144775,NKE
2006-06-08,10.1225004196167,9.893750190734863,10.074999809265137,10.081250190734863,13960800.0,5.614689350128174,NKE
2006-06-09,10.21500015258789,10.087499618530273,10.118749618530273,10.141249656677246,6504800.0,5.6481032371521,NKE
2006-06-12,10.287500381469727,10.125,10.15625,10.141249656677246,11844000.0,5.6481032371521,NKE
2006-06-13,10.27750015258789,10.112500190734863,10.125,10.171250343322754,11875200.0,5.664813041687013,NKE
2006-06-14,10.276249885559082,10.149999618530273,10.149999618530273,10.260000228881836,13356000.0,5.714242935180664,NKE
2006-06-15,10.529999732971193,10.237500190734863,10.258749961853027,10.443750381469727,13504800.0,5.8165812492370605,NKE
2006-06-16,10.53499984741211,10.376250267028807,10.399999618530273,10.393750190734863,8332800.0,5.788735866546631,NKE
2006-06-19,10.506250381469727,10.323749542236328,10.5,10.383749961853027,10402400.0,5.7831645011901855,NKE
2006-06-20,10.43375015258789,10.237500190734863,10.416250228881836,10.272500038146973,13354400.0,5.721204280853272,NKE
2006-06-21,10.40625,10.237500190734863,10.268750190734863,10.34375,11139200.0,5.760886192321777,NKE
2006-06-22,10.498749732971193,10.27750015258789,10.34375,10.483750343322754,13156800.0,5.8388609886169425,NKE
2006-06-23,10.62125015258789,10.449999809265137,10.483750343322754,10.545000076293944,11575200.0,5.872973918914795,NKE
2006-06-26,10.61750030517578,10.4975004196167,10.606249809265137,10.53125,8483200.0,5.865313529968263,NKE
2006-06-27,10.556249618530273,10.392499923706056,10.556249618530273,10.453749656677246,14756800.0,5.822148323059082,NKE
2006-06-28,10.1875,9.862500190734863,10.1875,9.96500015258789,68290400.0,5.5499444007873535,NKE
2006-06-29,10.154999732971193,9.9399995803833,10.0,10.1225004196167,20777600.0,5.637662410736084,NKE
2006-06-30,10.238750457763672,10.113750457763672,10.137499809265137,10.125,10331200.0,5.63905668258667,NKE
2006-07-03,10.21875,10.131250381469727,10.131250381469727,10.166250228881836,4727200.0,5.66202974319458,NKE
2006-07-05,10.112500190734863,9.956250190734863,10.09375,10.006250381469727,18497600.0,5.572919845581055,NKE
2006-07-06,10.051250457763672,9.96125030517578,10.037500381469727,9.973750114440918,15312000.0,5.554815769195557,NKE
2006-07-07,9.987500190734863,9.868749618530273,9.938750267028807,9.885000228881836,15615200.0,5.505389213562012,NKE
2006-07-10,9.956250190734863,9.838749885559082,9.885000228881836,9.8725004196167,9697600.0,5.49842643737793,NKE
2006-07-11,9.890000343322754,9.779999732971193,9.84375,9.823749542236328,11295200.0,5.47127628326416,NKE
2006-07-12,9.861249923706056,9.763750076293944,9.768750190734863,9.826250076293944,18676800.0,5.472667217254639,NKE
2006-07-13,9.888750076293944,9.758749961853027,9.826250076293944,9.845000267028807,14193600.0,5.483108043670653,NKE
2006-07-14,9.897500038146973,9.791250228881836,9.800000190734863,9.822500228881836,19474400.0,5.470579147338867,NKE
2006-07-17,9.887499809265137,9.75,9.75,9.861249923706056,18280000.0,5.4921607971191415,NKE
2006-07-18,9.895000457763672,9.774999618530273,9.861249923706056,9.8125,26272800.0,5.465009689331055,NKE
2006-07-19,9.93000030517578,9.832500457763672,9.862500190734863,9.850000381469727,23887200.0,5.485896110534668,NKE
2006-07-20,9.978750228881836,9.77750015258789,9.793749809265137,9.949999809265137,19197600.0,5.541589260101318,NKE
2006-07-21,10.037500381469727,9.883749961853027,9.949999809265137,10.00749969482422,19664800.0,5.573614597320557,NKE
2006-07-24,10.118749618530273,9.993749618530273,10.0,10.079999923706056,14479200.0,5.613991737365723,NKE
2006-07-25,10.088749885559082,9.892499923706056,10.018750190734863,10.045000076293944,14226400.0,5.594498157501222,NKE
2006-07-26,10.016249656677246,9.892499923706056,10.0,10.0,12033600.0,5.569438457489014,NKE
2006-07-27,10.16374969482422,9.833749771118164,10.056249618530273,9.869999885559082,11748800.0,5.497033596038818,NKE
2006-07-28,10.03125,9.831250190734863,9.897500038146973,9.987500190734863,13740800.0,5.562474250793457,NKE
2006-07-31,10.03125,9.823749542236328,9.952500343322754,9.875,14180800.0,5.499818801879883,NKE
2006-08-01,9.960000038146973,9.792499542236328,9.875,9.83625030517578,17888800.0,5.478238105773926,NKE
2006-08-02,9.892499923706056,9.748749732971193,9.850000381469727,9.766249656677246,26112800.0,5.43925142288208,NKE
2006-08-03,9.792499542236328,9.618749618530273,9.706250190734863,9.768750190734863,31386400.0,5.440644264221191,NKE
2006-08-04,9.887499809265137,9.751250267028807,9.8125,9.833749771118164,17887200.0,5.476844310760498,NKE
2006-08-07,9.78499984741211,9.6225004196167,9.7837495803833,9.739999771118164,19957600.0,5.424631595611572,NKE
2006-08-08,9.864999771118164,9.583749771118164,9.793749809265137,9.638750076293944,16034400.0,5.368241310119629,NKE
2006-08-09,9.71125030517578,9.58625030517578,9.657500267028807,9.609999656677246,14115200.0,5.352228164672852,NKE
2006-08-10,9.606249809265137,9.4399995803833,9.576250076293944,9.524999618530273,21132800.0,5.304888248443604,NKE
2006-08-11,9.60124969482422,9.53125,9.556249618530273,9.563750267028807,21436800.0,5.326470375061035,NKE
2006-08-14,9.702500343322754,9.619999885559082,9.625,9.647500038146973,13384000.0,5.373114585876465,NKE
2006-08-15,9.72249984741211,9.609999656677246,9.681249618530273,9.708749771118164,20831200.0,5.407227993011475,NKE
2006-08-16,9.748749732971193,9.5625,9.74625015258789,9.71875,25273600.0,5.412797451019287,NKE
2006-08-17,9.72249984741211,9.550000190734863,9.71875,9.619999885559082,20446400.0,5.357797622680664,NKE
2006-08-18,9.62874984741211,9.53499984741211,9.607500076293944,9.588749885559082,17783200.0,5.340394020080566,NKE
2006-08-21,9.631250381469727,9.556249618530273,9.59000015258789,9.5962495803833,9718400.0,5.344571113586426,NKE
2006-08-22,9.704999923706056,9.600000381469727,9.618749618530273,9.606249809265137,11890400.0,5.3501410484313965,NKE
2006-08-23,9.630000114440918,9.576250076293944,9.5962495803833,9.606249809265137,11848800.0,5.3501410484313965,NKE
2006-08-24,9.636249542236328,9.550000190734863,9.5962495803833,9.604999542236328,12147200.0,5.349443435668945,NKE
2006-08-25,9.623749732971193,9.543749809265137,9.5962495803833,9.5962495803833,12555200.0,5.344571113586426,NKE
2006-08-28,9.74625015258789,9.611249923706056,9.614999771118164,9.731249809265137,13697600.0,5.419756412506104,NKE
2006-08-29,10.008749961853027,9.7162504196167,9.71875,9.99625015258789,24609600.0,5.567349910736084,NKE
2006-08-30,10.05500030517578,9.90250015258789,9.981249809265137,9.970000267028807,25898400.0,5.5527305603027335,NKE
2006-08-31,10.118749618530273,9.9712495803833,9.975000381469727,10.095000267028807,15069600.0,5.622347354888916,NKE
2006-09-01,10.171250343322754,10.092499732971193,10.095000267028807,10.142499923706056,14891200.0,5.648801326751709,NKE
2006-09-05,10.18000030517578,10.042499542236328,10.125,10.176250457763672,14392800.0,5.667598247528076,NKE
2006-09-06,10.223750114440918,10.087499618530273,10.15625,10.12125015258789,11811200.0,5.63696813583374,NKE
2006-09-07,10.12125015258789,9.982500076293944,10.12125015258789,10.073749542236328,13287200.0,5.787783622741699,NKE
2006-09-08,10.261249542236328,10.09000015258789,10.100000381469727,10.256250381469727,16472000.0,5.892636775970459,NKE
2006-09-11,10.327500343322754,10.238750457763672,10.25,10.302499771118164,13384800.0,5.919209957122803,NKE
2006-09-12,10.493749618530273,10.196249961853027,10.302499771118164,10.431249618530273,22070400.0,5.993179321289063,NKE
2006-09-13,10.420000076293944,10.350000381469727,10.375,10.387499809265137,30132800.0,5.968047142028809,NKE
2006-09-14,10.3725004196167,10.261249542236328,10.368749618530273,10.3462495803833,19131200.0,5.944344997406006,NKE
2006-09-15,10.40999984741211,10.317500114440918,10.350000381469727,10.37125015258789,18136800.0,5.958710670471191,NKE
2006-09-18,10.37125015258789,10.25,10.326250076293944,10.289999961853027,19940800.0,5.912026882171631,NKE
2006-09-19,10.291250228881836,10.0912504196167,10.291250228881836,10.25374984741211,24771200.0,5.8912034034729,NKE
2006-09-20,10.356249809265137,10.22624969482422,10.3125,10.324999809265137,27616800.0,5.932135581970215,NKE
2006-09-21,10.481249809265137,10.24625015258789,10.364999771118164,10.307499885559082,28671200.0,5.9220824241638175,NKE
2006-09-22,10.857500076293944,10.604999542236328,10.768750190734863,10.795000076293944,61566400.0,6.202170848846436,NKE
2006-09-25,10.869999885559082,10.664999961853027,10.807499885559082,10.813750267028807,28031200.0,6.212944984436035,NKE
2006-09-26,11.0912504196167,10.71125030517578,10.743749618530273,11.048749923706056,33953600.0,6.347962379455566,NKE
2006-09-27,11.113750457763672,10.942500114440918,10.949999809265137,11.013750076293944,30388000.0,6.327851295471191,NKE
2006-09-28,11.06624984741211,10.973750114440918,11.012499809265137,11.037500381469727,10926400.0,6.341499328613281,NKE
2006-09-29,11.0625,10.94499969482422,11.0625,10.952500343322754,11379200.0,6.292661666870117,NKE
2006-10-02,10.99625015258789,10.863750457763672,10.87125015258789,10.9350004196167,9556800.0,6.282605171203612,NKE
2006-10-03,10.99625015258789,10.866250038146973,10.9037504196167,10.982500076293944,11223200.0,6.309896945953369,NKE
2006-10-04,11.196249961853027,10.962499618530273,10.962499618530273,11.162500381469727,18701600.0,6.413316249847412,NKE
2006-10-05,11.181249618530273,11.051250457763672,11.09375,11.126250267028807,13629600.0,6.392486572265625,NKE
2006-10-06,11.092499732971193,10.925000190734863,11.092499732971193,11.018750190734863,12823200.0,6.3307247161865225,NKE
2006-10-09,11.085000038146973,10.9399995803833,10.962499618530273,11.057499885559082,7760800.0,6.352988243103027,NKE
2006-10-10,11.168749809265137,11.048749923706056,11.048749923706056,11.072500228881836,9226400.0,6.3616065979003915,NKE
2006-10-11,11.092499732971193,10.97249984741211,11.0625,11.05500030517578,7115200.0,6.351550579071045,NKE
2006-10-12,11.2524995803833,11.020000457763672,11.042499542236328,11.22624969482422,16012800.0,6.449942111968994,NKE
2006-10-13,11.25374984741211,11.162500381469727,11.1875,11.199999809265137,8913600.0,6.434858798980713,NKE
2006-10-16,11.34375,11.199999809265137,11.199999809265137,11.31624984741211,12733600.0,6.501650810241699,NKE
2006-10-17,11.291250228881836,11.15999984741211,11.25,11.21875,11596000.0,6.445633888244629,NKE
2006-10-18,11.237500190734863,11.026249885559082,11.228750228881836,11.126250267028807,14620800.0,6.392486572265625,NKE
2006-10-19,11.197500228881836,11.02750015258789,11.074999809265137,11.175000190734863,6892000.0,6.420497417449951,NKE
2006-10-20,11.18375015258789,11.020000457763672,11.175000190734863,11.074999809265137,9458400.0,6.363043785095215,NKE
2006-10-23,11.297499656677244,11.071249961853027,11.074999809265137,11.292499542236328,9538400.0,6.4880051612854,NKE
2006-10-24,11.407500267028807,11.137499809265137,11.193750381469727,11.391249656677244,10454400.0,6.544740200042725,NKE
2006-10-25,11.671250343322756,11.425000190734865,11.425000190734865,11.668749809265135,22471200.0,6.704178333282472,NKE
2006-10-26,11.758749961853027,11.56999969482422,11.631250381469727,11.708749771118164,16076000.0,6.7271599769592285,NKE
2006-10-27,11.65625,11.46125030517578,11.62125015258789,11.482500076293945,11157600.0,6.59716796875,NKE
2006-10-30,11.532500267028807,11.37874984741211,11.414999961853027,11.501250267028807,10457600.0,6.607943058013916,NKE
2006-10-31,11.512499809265135,11.386249542236328,11.475000381469727,11.484999656677244,9246400.0,6.59860372543335,NKE
2006-11-01,11.512499809265135,11.386249542236328,11.512499809265135,11.423749923706055,14890400.0,6.563412666320801,NKE
2006-11-02,11.613750457763672,11.322500228881836,11.348750114440918,11.600000381469727,16651200.0,6.6646766662597665,NKE
2006-11-03,11.717499732971193,11.516249656677244,11.625,11.571249961853027,11793600.0,6.648160457611084,NKE
2006-11-06,11.640000343322756,11.518750190734865,11.568750381469727,11.603750228881836,11483200.0,6.6668334007263175,NKE
2006-11-07,11.651249885559082,11.547499656677244,11.607500076293945,11.55875015258789,14104800.0,6.6409783363342285,NKE
2006-11-08,11.672499656677244,11.443750381469727,11.446249961853027,11.6225004196167,8949600.0,6.677604675292969,NKE
2006-11-09,11.668749809265135,11.52750015258789,11.668749809265135,11.595000267028807,9478400.0,6.661804676055907,NKE
2006-11-10,11.762499809265135,11.588749885559082,11.613750457763672,11.758749961853027,8728000.0,6.755884647369385,NKE
2006-11-13,11.875,11.706250190734865,11.712499618530273,11.765000343322756,11998400.0,6.759478092193604,NKE
2006-11-14,11.848750114440918,11.71125030517578,11.793749809265135,11.837499618530273,7215200.0,6.801132678985597,NKE
2006-11-15,11.991250038146973,11.837499618530273,11.837499618530273,11.936249732971193,13675200.0,6.857866287231445,NKE
2006-11-16,11.987500190734865,11.835000038146973,11.979999542236328,11.9037504196167,6719200.0,6.8391947746276855,NKE
2006-11-17,11.973750114440918,11.850000381469727,11.87874984741211,11.947500228881836,10045600.0,6.864330291748048,NKE
2006-11-20,12.061249732971193,11.896249771118164,11.9375,12.042499542236328,9708800.0,6.918910503387451,NKE
2006-11-21,12.111249923706055,11.94124984741211,12.0,12.072500228881836,7824000.0,6.936148166656494,NKE
2006-11-22,12.130000114440918,12.016249656677244,12.043749809265135,12.12874984741211,4570400.0,6.968465805053711,NKE
2006-11-24,12.167499542236328,12.011249542236328,12.06624984741211,12.0912504196167,5413600.0,6.946919918060303,NKE
2006-11-27,12.108750343322756,11.96125030517578,12.0600004196167,11.984999656677244,8764000.0,6.885872840881348,NKE
2006-11-28,12.012499809265135,11.880000114440918,11.901249885559082,12.0,7517600.0,6.8944950103759775,NKE
2006-11-29,12.147500038146973,12.053750038146973,12.081250190734865,12.108750343322756,7023200.0,6.9569764137268075,NKE
2006-11-30,12.412500381469727,12.067500114440918,12.108750343322756,12.368749618530273,17116800.0,7.106356143951416,NKE
2006-12-01,12.393750190734865,12.015000343322756,12.337499618530273,12.199999809265135,13722400.0,7.009399890899657,NKE
2006-12-04,12.291250228881836,12.042499542236328,12.125,12.267499923706055,13048000.0,7.048182487487793,NKE
2006-12-05,12.373749732971193,12.207500457763672,12.233750343322756,12.313750267028807,14239200.0,7.07475471496582,NKE
2006-12-06,12.345000267028807,12.231249809265135,12.345000267028807,12.274999618530273,14532800.0,7.052490711212157,NKE
2006-12-07,12.324999809265135,12.2162504196167,12.25,12.24250030517578,7474400.0,7.252424716949463,NKE
2006-12-08,12.27375030517578,12.087499618530273,12.181249618530273,12.130000114440918,8344800.0,7.185781478881836,NKE
2006-12-11,12.244999885559082,12.052499771118164,12.11750030517578,12.181249618530273,14856000.0,7.216142654418945,NKE
2006-12-12,12.170000076293945,12.046250343322756,12.157500267028807,12.071249961853027,13992000.0,7.150978088378906,NKE
2006-12-13,12.068750381469727,11.893750190734865,12.041250228881836,11.981249809265135,14917600.0,7.0976624488830575,NKE
2006-12-14,12.15625,11.989999771118164,12.006250381469727,12.125,11707200.0,7.182816028594972,NKE
2006-12-15,12.1537504196167,12.0,12.143750190734865,12.006250381469727,10960800.0,7.112472534179688,NKE
2006-12-18,12.162500381469727,12.011249542236328,12.109999656677244,12.022500038146973,8676000.0,7.12209939956665,NKE
2006-12-19,12.043749809265135,11.848750114440918,12.022500038146973,12.02375030517578,13292000.0,7.1228389739990225,NKE
2006-12-20,12.510000228881836,12.08625030517578,12.125,12.47249984741211,28552800.0,7.38867712020874,NKE
2006-12-21,12.649999618530273,12.3462495803833,12.399999618530273,12.536250114440918,34651200.0,7.426442623138428,NKE
2006-12-22,12.522500038146973,12.37874984741211,12.4662504196167,12.49250030517578,9952000.0,7.4005255699157715,NKE
2006-12-26,12.5600004196167,12.43375015258789,12.49250030517578,12.512499809265135,6452800.0,7.4123735427856445,NKE
2006-12-27,12.53125,12.414999961853027,12.53125,12.4399995803833,6652800.0,7.369422912597656,NKE
2006-12-28,12.482500076293945,12.397500038146973,12.449999809265135,12.399999618530273,6076000.0,7.3457279205322275,NKE
2006-12-29,12.487500190734865,12.350000381469727,12.39875030517578,12.37874984741211,6665600.0,7.3331403732299805,NKE
2007-01-03,12.463749885559082,12.10124969482422,12.25,12.208749771118164,17299200.0,7.232432842254639,NKE
2007-01-04,12.37125015258789,12.107500076293945,12.208749771118164,12.333749771118164,15085600.0,7.30648136138916,NKE
2007-01-05,12.426250457763672,12.212499618530273,12.262499809265135,12.353750228881836,14996800.0,7.318331241607666,NKE
2007-01-08,12.373749732971193,12.203749656677244,12.3125,12.31624984741211,10109600.0,7.296114921569824,NKE
2007-01-09,12.49250030517578,12.295000076293945,12.31624984741211,12.470000267028807,15167200.0,7.3871989250183105,NKE
2007-01-10,12.481249809265135,12.362500190734865,12.404999732971193,12.470000267028807,13012800.0,7.3871989250183105,NKE
2007-01-11,12.543749809265135,12.428750038146973,12.487500190734865,12.4975004196167,14316000.0,7.403487682342528,NKE
2007-01-12,12.5024995803833,12.414999961853027,12.443750381469727,12.470000267028807,9296800.0,7.3871989250183105,NKE
2007-01-16,12.498749732971193,12.401249885559082,12.4375,12.49625015258789,9264800.0,7.402748584747314,NKE
2007-01-17,12.487500190734865,12.381250381469727,12.475000381469727,12.477499961853027,10762400.0,7.3916401863098145,NKE
2007-01-18,12.53125,12.375,12.477499961853027,12.458749771118164,16351200.0,7.380533218383789,NKE
2007-01-19,12.52375030517578,12.4350004196167,12.5,12.49250030517578,11123200.0,7.4005255699157715,NKE
2007-01-22,12.518750190734865,12.181249618530273,12.518750190734865,12.212499618530273,19514400.0,7.234652519226074,NKE
2007-01-23,12.287500381469727,12.026249885559082,12.212499618530273,12.095000267028807,13594400.0,7.165046691894531,NKE
2007-01-24,12.15999984741211,12.073749542236328,12.100000381469727,12.104999542236328,8871200.0,7.170969486236572,NKE
2007-01-25,12.208749771118164,11.978750228881836,12.112500190734865,11.979999542236328,10141600.0,7.096921443939209,NKE
2007-01-26,12.082500457763672,11.864999771118164,12.0,11.899999618530273,10981600.0,7.04953145980835,NKE
2007-01-29,12.077500343322756,11.918749809265135,11.920000076293945,12.039999961853027,16308000.0,7.132467746734619,NKE
2007-01-30,12.223750114440918,12.0625,12.0625,12.21875,19752800.0,7.238356113433838,NKE
2007-01-31,12.40625,12.1875,12.21875,12.35124969482422,17216800.0,7.316851615905763,NKE
2007-02-01,12.62874984741211,12.30500030517578,12.327500343322756,12.585000038146973,24736800.0,7.455323696136475,NKE
2007-02-02,12.677499771118164,12.47624969482422,12.625,12.524999618530273,10944000.0,7.41977596282959,NKE
2007-02-05,12.539999961853027,12.306249618530273,12.449999809265135,12.427499771118164,11786400.0,7.362019538879394,NKE
2007-02-06,12.65999984741211,12.427499771118164,12.427499771118164,12.646249771118164,11491200.0,7.49160623550415,NKE
2007-02-07,12.875,12.677499771118164,12.732500076293945,12.862500190734865,20092000.0,7.619712352752685,NKE
2007-02-08,12.962499618530273,12.779999732971193,12.837499618530273,12.923749923706055,15504000.0,7.656001091003418,NKE
2007-02-09,13.016249656677244,12.883749961853027,12.883749961853027,12.949999809265135,16579200.0,7.671546936035156,NKE
2007-02-12,13.052499771118164,12.9037504196167,12.951250076293945,13.046250343322756,20028800.0,7.728560924530028,NKE
2007-02-13,13.196249961853027,12.928750038146973,12.928750038146973,13.149999618530273,18204000.0,7.790026664733888,NKE
2007-02-14,13.22249984741211,13.118749618530273,13.149999618530273,13.172499656677244,13357600.0,7.803356170654298,NKE
2007-02-15,13.212499618530273,13.100000381469727,13.154999732971193,13.188750267028807,11341600.0,7.8129825592041025,NKE
2007-02-16,13.438750267028807,13.210000038146973,13.3125,13.287500381469727,15173600.0,7.871481418609619,NKE
2007-02-20,13.387499809265135,13.204999923706055,13.287500381469727,13.35124969482422,14660800.0,7.909245014190674,NKE
2007-02-21,13.421250343322756,13.313750267028807,13.348750114440918,13.388750076293945,11065600.0,7.9314613342285165,NKE
2007-02-22,13.537500381469727,13.329999923706055,13.362500190734865,13.5287504196167,11451200.0,8.014396667480469,NKE
2007-02-23,13.5287504196167,13.397500038146973,13.5287504196167,13.505000114440918,7232000.0,8.000326156616211,NKE
2007-02-26,13.612500190734865,13.399999618530273,13.612500190734865,13.478750228881836,13248800.0,7.984776973724365,NKE
2007-02-27,13.479999542236328,12.90625,13.43000030517578,12.99625015258789,18844000.0,7.698944091796875,NKE
2007-02-28,13.138750076293945,12.911250114440918,13.09375,13.05875015258789,17872000.0,7.7359724044799805,NKE
2007-03-01,13.24625015258789,12.771249771118164,12.887499809265135,13.161250114440918,16936800.0,7.796692371368407,NKE
2007-03-02,13.236249923706055,12.982500076293945,13.149999618530273,12.982500076293945,11324800.0,7.6907997131347665,NKE
2007-03-05,13.032500267028807,12.807499885559082,12.983750343322756,12.807499885559082,11975200.0,7.587131023406982,NKE
2007-03-06,13.1875,12.85124969482422,12.868749618530273,13.137499809265135,12863200.0,7.782623767852782,NKE
2007-03-07,13.188750267028807,12.942500114440918,13.113750457763672,13.073749542236328,18889600.0,7.744855403900146,NKE
2007-03-08,13.298749923706055,13.0625,13.149999618530273,13.074999809265135,12782400.0,7.971189975738525,NKE
2007-03-09,13.28499984741211,13.112500190734865,13.168749809265135,13.231249809265135,10588800.0,8.066448211669924,NKE
2007-03-12,13.262499809265135,13.149999618530273,13.212499618530273,13.199999809265135,8794400.0,8.047396659851074,NKE
2007-03-13,13.175000190734865,12.863750457763672,13.126250267028807,13.074999809265135,11155200.0,7.971189975738525,NKE
2007-03-14,13.142499923706055,12.84375,13.076250076293945,13.102499961853027,13520800.0,7.987957000732423,NKE
2007-03-15,13.282500267028807,13.09375,13.09375,13.207500457763672,11751200.0,8.051969528198242,NKE
2007-03-16,13.463749885559082,13.207500457763672,13.225000381469727,13.43375015258789,19292800.0,8.189901351928711,NKE
2007-03-19,13.576250076293945,13.432499885559082,13.475000381469727,13.539999961853027,11548800.0,8.254679679870605,NKE
2007-03-20,13.667499542236328,13.498749732971193,13.539999961853027,13.65625,8747200.0,8.325546264648438,NKE
2007-03-21,13.762499809265135,13.520000457763672,13.654999732971193,13.606249809265135,15316000.0,8.295068740844728,NKE
2007-03-22,13.6225004196167,13.353750228881836,13.598750114440918,13.574999809265135,25697600.0,8.276016235351562,NKE
2007-03-23,13.6587495803833,13.126250267028807,13.376250267028807,13.631250381469727,35017600.0,8.310306549072267,NKE
2007-03-26,13.675000190734865,13.427499771118164,13.630000114440918,13.598750114440918,11599200.0,8.290497779846191,NKE
2007-03-27,13.563750267028807,13.295000076293945,13.5625,13.321249961853027,17855200.0,8.121319770812987,NKE
2007-03-28,13.301250457763672,13.111249923706055,13.300000190734865,13.141249656677244,18037600.0,8.011579513549805,NKE
2007-03-29,13.21875,13.0625,13.137499809265135,13.12125015258789,13173600.0,7.999386310577393,NKE
2007-03-30,13.33625030517578,13.095000267028807,13.149999618530273,13.282500267028807,12464800.0,8.097692489624022,NKE
2007-04-02,13.397500038146973,13.238750457763672,13.350000381469727,13.303750038146973,9031200.0,8.110647201538086,NKE
2007-04-03,13.449999809265135,13.262499809265135,13.3125,13.300000190734865,10764800.0,8.108363151550293,NKE
2007-04-04,13.5,13.300000190734865,13.362500190734865,13.397500038146973,11908400.0,8.167800903320312,NKE
2007-04-05,13.457500457763672,13.3100004196167,13.397500038146973,13.369999885559082,9134000.0,8.151039123535156,NKE
2007-04-09,13.522500038146973,13.352499961853027,13.352499961853027,13.475000381469727,11630800.0,8.215051651000978,NKE
2007-04-10,13.515000343322756,13.335000038146973,13.432499885559082,13.5024995803833,13752000.0,8.231816291809082,NKE
2007-04-11,13.702500343322756,13.452500343322756,13.579999923706055,13.4975004196167,10686400.0,8.228766441345215,NKE
2007-04-12,13.579999923706055,13.350000381469727,13.457500457763672,13.557499885559082,8052400.0,8.265347480773926,NKE
2007-04-13,13.774999618530273,13.350000381469727,13.774999618530273,13.412500381469727,8572800.0,8.176948547363281,NKE
2007-04-16,13.625,13.414999961853027,13.5,13.592499732971193,9806400.0,8.28668212890625,NKE
2007-04-17,13.600000381469727,13.395000457763672,13.59749984741211,13.537500381469727,8610000.0,8.253154754638674,NKE
2007-04-18,13.524999618530273,13.40999984741211,13.520000457763672,13.47249984741211,8291600.0,8.213528633117676,NKE
2007-04-19,13.625,13.335000038146973,13.625,13.369999885559082,9158800.0,8.151039123535156,NKE
2007-04-20,13.432499885559082,13.270000457763672,13.369999885559082,13.38249969482422,14458000.0,8.158658981323242,NKE
2007-04-23,13.5600004196167,13.359999656677244,13.359999656677244,13.390000343322756,9939200.0,8.163232803344728,NKE
2007-04-24,13.470000267028807,13.199999809265135,13.462499618530273,13.3774995803833,9717200.0,8.155610084533691,NKE
2007-04-25,13.5,13.350000381469727,13.462499618530273,13.404999732971193,9505200.0,8.172372817993164,NKE
2007-04-26,13.50749969482422,13.332500457763672,13.399999618530273,13.460000038146973,12355200.0,8.205904006958008,NKE
2007-04-27,13.577500343322756,13.375,13.412500381469727,13.529999732971193,7848000.0,8.248580932617188,NKE
2007-04-30,13.75,13.454999923706055,13.5625,13.46500015258789,10242400.0,8.208955764770508,NKE
2007-05-01,13.46500015258789,13.085000038146973,13.46500015258789,13.2475004196167,12098800.0,8.076355934143066,NKE
2007-05-02,13.46500015258789,13.267499923706055,13.292499542236328,13.369999885559082,9485200.0,8.151039123535156,NKE
2007-05-03,13.475000381469727,13.272500038146973,13.387499809265135,13.31999969482422,5989200.0,8.12055492401123,NKE
2007-05-04,13.457500457763672,13.300000190734865,13.352499961853027,13.322500228881836,7687200.0,8.122079849243164,NKE
2007-05-07,13.529999732971193,13.31999969482422,13.31999969482422,13.467499732971193,10214800.0,8.210479736328125,NKE
2007-05-08,13.619999885559082,13.43000030517578,13.487500190734865,13.4375,10196400.0,8.192188262939451,NKE
2007-05-09,13.55500030517578,13.420000076293945,13.449999809265135,13.479999542236328,12282000.0,8.218097686767576,NKE
2007-05-10,13.505000114440918,13.322500228881836,13.505000114440918,13.327500343322756,10914400.0,8.125128746032715,NKE
2007-05-11,13.329999923706055,13.162500381469727,13.329999923706055,13.25749969482422,13996800.0,8.082453727722168,NKE
2007-05-14,13.38249969482422,13.1899995803833,13.31999969482422,13.217499732971193,14686400.0,8.058061599731445,NKE
2007-05-15,13.3125,13.125,13.25,13.145000457763672,13916000.0,8.013864517211914,NKE
2007-05-16,13.335000038146973,13.167499542236328,13.172499656677244,13.2475004196167,10677200.0,8.076355934143066,NKE
2007-05-17,13.322500228881836,13.167499542236328,13.199999809265135,13.237500190734865,8446400.0,8.070257186889647,NKE
2007-05-18,13.3125,13.145000457763672,13.229999542236328,13.3125,9664800.0,8.115982055664062,NKE
2007-05-21,13.734999656677244,13.375,13.399999618530273,13.670000076293945,16391600.0,8.333930969238281,NKE
2007-05-22,13.842499732971193,13.625,13.672499656677244,13.782500267028807,15042000.0,8.402520179748535,NKE
2007-05-23,13.850000381469727,13.65999984741211,13.850000381469727,13.704999923706055,8990800.0,8.355269432067871,NKE
2007-05-24,13.84749984741211,13.579999923706055,13.75749969482422,13.61750030517578,11262400.0,8.301924705505371,NKE
2007-05-25,13.625,13.529999732971193,13.604999542236328,13.56999969482422,9115200.0,8.272966384887695,NKE
2007-05-29,13.8125,13.600000381469727,13.649999618530273,13.68000030517578,12687600.0,8.340028762817383,NKE
2007-05-30,13.9350004196167,13.5600004196167,13.675000190734865,13.932499885559082,14638800.0,8.493967056274414,NKE
2007-05-31,14.279999732971193,13.942500114440918,13.99250030517578,14.1875,21175600.0,8.64942741394043,NKE
2007-06-01,14.272500038146973,14.119999885559082,14.1875,14.172499656677244,16765200.0,8.640280723571777,NKE
2007-06-04,14.395000457763672,14.100000381469727,14.395000457763672,14.307499885559082,9418400.0,8.72258472442627,NKE
2007-06-05,14.375,14.1850004196167,14.3100004196167,14.22249984741211,12096000.0,8.67076301574707,NKE
2007-06-06,14.225000381469727,13.927499771118164,14.225000381469727,13.927499771118164,16855200.0,8.49091911315918,NKE
2007-06-07,13.904999732971193,13.524999618530273,13.904999732971193,13.524999618530273,26093600.0,8.356533050537111,NKE
2007-06-08,13.335000038146973,12.967499732971193,13.3125,13.239999771118164,35568400.0,8.180442810058594,NKE
2007-06-11,13.50749969482422,13.324999809265135,13.399999618530273,13.350000381469727,20000000.0,8.248408317565918,NKE
2007-06-12,13.449999809265135,13.239999771118164,13.350000381469727,13.297499656677244,23488000.0,8.215970993041992,NKE
2007-06-13,13.505000114440918,13.265000343322756,13.385000228881836,13.369999885559082,12826000.0,8.260766983032228,NKE
2007-06-14,13.484999656677244,13.3149995803833,13.4375,13.420000076293945,16084000.0,8.291658401489258,NKE
2007-06-15,13.47249984741211,13.34749984741211,13.470000267028807,13.354999542236328,12562400.0,8.251499176025389,NKE
2007-06-18,13.49250030517578,13.357500076293945,13.46500015258789,13.407500267028807,7524000.0,8.283933639526367,NKE
2007-06-19,13.65999984741211,13.3125,13.375,13.625,12092000.0,8.418319702148438,NKE
2007-06-20,13.7475004196167,13.399999618530273,13.675000190734865,13.407500267028807,10204800.0,8.283933639526367,NKE
2007-06-21,13.537500381469727,13.28499984741211,13.420000076293945,13.395000457763672,11491200.0,8.276209831237793,NKE
2007-06-22,13.427499771118164,13.22249984741211,13.395000457763672,13.237500190734865,15773200.0,8.178897857666017,NKE
2007-06-25,13.744999885559082,13.300000190734865,13.399999618530273,13.452500343322756,19765600.0,8.311741828918457,NKE
2007-06-26,13.75,13.40250015258789,13.5649995803833,13.454999923706055,21800400.0,8.313285827636719,NKE
2007-06-27,14.675000190734865,13.8725004196167,14.1875,14.572500228881836,56502800.0,9.003738403320312,NKE
2007-06-28,14.8149995803833,14.442500114440918,14.539999961853027,14.572500228881836,20503200.0,9.003738403320312,NKE
2007-06-29,14.729999542236328,14.375,14.574999809265135,14.572500228881836,11669600.0,9.003738403320312,NKE
2007-07-02,14.850000381469727,14.59749984741211,14.675000190734865,14.600000381469727,14157600.0,9.020733833312988,NKE
2007-07-03,14.789999961853027,14.574999809265135,14.607500076293945,14.744999885559082,9467200.0,9.11032009124756,NKE
2007-07-05,14.850000381469727,14.524999618530273,14.744999885559082,14.837499618530273,12194400.0,9.16746997833252,NKE
2007-07-06,14.99250030517578,14.7524995803833,14.837499618530273,14.917499542236328,8476000.0,9.216900825500488,NKE
2007-07-09,14.907500267028807,14.657500267028807,14.907500267028807,14.770000457763672,10976400.0,9.125765800476074,NKE
2007-07-10,14.81999969482422,14.582500457763672,14.6875,14.612500190734865,11587600.0,9.028453826904297,NKE
2007-07-11,14.6875,14.432499885559082,14.524999618530273,14.612500190734865,15405200.0,9.028453826904297,NKE
2007-07-12,14.88249969482422,14.600000381469727,14.604999542236328,14.864999771118164,12102000.0,9.184463500976562,NKE
2007-07-13,14.8149995803833,14.682499885559082,14.787500381469727,14.7524995803833,8435200.0,9.11495304107666,NKE
2007-07-16,14.760000228881836,14.574999809265135,14.577500343322756,14.69499969482422,8343600.0,9.079428672790527,NKE
2007-07-17,14.897500038146973,14.547499656677244,14.550000190734865,14.862500190734865,12642400.0,9.182923316955566,NKE
2007-07-18,14.9375,14.68000030517578,14.697500228881836,14.920000076293945,14374000.0,9.218443870544434,NKE
2007-07-19,15.087499618530273,14.887499809265135,14.962499618530273,14.957500457763672,16358800.0,9.241616249084473,NKE
2007-07-20,14.975000381469727,14.604999542236328,14.84000015258789,14.630000114440918,19228400.0,9.039265632629396,NKE
2007-07-23,14.952500343322756,14.725000381469727,14.765000343322756,14.850000381469727,14269600.0,9.175195693969727,NKE
2007-07-24,14.850000381469727,14.542499542236328,14.787500381469727,14.587499618530273,19211200.0,9.013007164001463,NKE
2007-07-25,14.640000343322756,14.282500267028807,14.59000015258789,14.457500457763672,18154400.0,8.932685852050781,NKE
2007-07-26,14.317500114440918,13.932499885559082,14.175000190734865,14.225000381469727,34760800.0,8.789032936096191,NKE
2007-07-27,14.260000228881836,13.859999656677244,14.112500190734865,13.859999656677244,21394800.0,8.56351375579834,NKE
2007-07-30,14.232500076293945,13.899999618530273,14.082500457763672,14.210000038146973,18933200.0,8.779765129089355,NKE
2007-07-31,14.40999984741211,14.015000343322756,14.015000343322756,14.112500190734865,19502400.0,8.719523429870605,NKE
2007-08-01,14.307499885559082,13.994999885559082,14.302499771118164,14.225000381469727,24376800.0,8.789032936096191,NKE
2007-08-02,14.3125,14.072500228881836,14.3125,14.237500190734865,13747200.0,8.796756744384766,NKE
2007-08-03,14.364999771118164,14.02750015258789,14.032500267028807,14.125,17859200.0,8.727245330810549,NKE
2007-08-06,14.397500038146973,13.962499618530273,13.962499618530273,14.36750030517578,14806000.0,8.877079010009766,NKE
2007-08-07,14.657500267028807,14.204999923706055,14.255000114440918,14.515000343322756,15945200.0,8.96821403503418,NKE
2007-08-08,14.59000015258789,13.96500015258789,14.4375,14.15250015258789,18205600.0,8.744241714477539,NKE
2007-08-09,14.0,13.050000190734865,13.9399995803833,13.475000381469727,34845200.0,8.325640678405763,NKE
2007-08-10,14.024999618530273,13.0,13.25,13.94499969482422,22112800.0,8.616034507751465,NKE
2007-08-13,14.427499771118164,13.97249984741211,14.024999618530273,14.037500381469727,14322400.0,8.673183441162111,NKE
2007-08-14,14.197500228881836,13.649999618530273,14.037500381469727,13.664999961853027,12666800.0,8.443036079406737,NKE
2007-08-15,13.80500030517578,13.357500076293945,13.579999923706055,13.392499923706055,13448800.0,8.27466869354248,NKE
2007-08-16,13.447500228881836,13.100000381469727,13.255000114440918,13.297499656677244,17456000.0,8.215970993041992,NKE
2007-08-17,13.869999885559082,13.170000076293945,13.595000267028807,13.61750030517578,12576800.0,8.413684844970701,NKE
2007-08-20,13.74250030517578,13.5,13.625,13.595000267028807,13122000.0,8.399781227111816,NKE
2007-08-21,13.712499618530273,13.427499771118164,13.625,13.529999732971193,10607200.0,8.359622955322267,NKE
2007-08-22,13.75,13.457500457763672,13.587499618530273,13.547499656677244,14485200.0,8.370434761047362,NKE
2007-08-23,13.729999542236328,13.43000030517578,13.614999771118164,13.50749969482422,9080800.0,8.345719337463379,NKE
2007-08-24,13.602499961853027,13.447500228881836,13.50749969482422,13.529999732971193,7920800.0,8.359622955322267,NKE
2007-08-27,13.619999885559082,13.46500015258789,13.529999732971193,13.470000267028807,7053200.0,8.322550773620605,NKE
2007-08-28,13.59749984741211,13.332500457763672,13.470000267028807,13.38249969482422,18553600.0,8.268490791320799,NKE
2007-08-29,13.864999771118164,13.47249984741211,13.477499961853027,13.864999771118164,11531600.0,8.566606521606445,NKE
2007-08-30,14.0,13.702500343322756,13.725000381469727,13.9399995803833,9425200.0,8.612946510314941,NKE
2007-08-31,14.197500228881836,13.899999618530273,14.067500114440918,14.085000038146973,12354800.0,8.702535629272461,NKE
2007-09-04,14.3100004196167,13.949999809265135,14.010000228881836,14.104999542236328,13048000.0,8.714893341064451,NKE
2007-09-05,14.050000190734865,13.765000343322756,14.047499656677244,13.86750030517578,9819600.0,8.568150520324707,NKE
2007-09-06,14.13249969482422,13.8149995803833,13.8149995803833,13.949999809265135,9376800.0,8.735660552978517,NKE
2007-09-07,13.787500381469727,13.545000076293945,13.772500038146973,13.675000190734865,10242800.0,8.563454627990723,NKE
2007-09-10,13.90250015258789,13.537500381469727,13.762499809265135,13.787500381469727,8439600.0,8.633901596069336,NKE
2007-09-11,13.925000190734865,13.727499961853027,13.824999809265135,13.88249969482422,6804800.0,8.693390846252441,NKE
2007-09-12,14.15250015258789,13.787500381469727,13.8725004196167,14.020000457763672,9981200.0,8.779494285583496,NKE
2007-09-13,14.31999969482422,13.932499885559082,14.109999656677244,14.220000267028807,8672000.0,8.904743194580078,NKE
2007-09-14,14.357500076293945,14.082500457763672,14.142499923706055,14.307499885559082,9575600.0,8.959531784057617,NKE
2007-09-17,14.25,14.022500038146973,14.25,14.077500343322756,18174800.0,8.815505027770996,NKE
2007-09-18,14.78499984741211,14.095000267028807,14.18000030517578,14.697500228881836,18737200.0,9.203757286071776,NKE
2007-09-19,15.13249969482422,14.539999961853027,14.829999923706055,14.640000343322756,25739200.0,9.167747497558594,NKE
2007-09-20,14.75,14.457500457763672,14.675000190734865,14.579999923706055,16824000.0,9.130172729492188,NKE
2007-09-21,15.2475004196167,14.287500381469727,15.05500030517578,14.3149995803833,41142000.0,8.964226722717285,NKE
2007-09-24,14.52750015258789,14.167499542236328,14.4375,14.452500343322756,24655200.0,9.050333976745604,NKE
2007-09-25,14.720000267028807,14.229999542236328,14.25,14.612500190734865,22343200.0,9.150527000427246,NKE
2007-09-26,14.699999809265135,14.524999618530273,14.65999984741211,14.59749984741211,10460400.0,9.141133308410645,NKE
2007-09-27,14.587499618530273,14.324999809265135,14.582500457763672,14.542499542236328,14309600.0,9.106691360473633,NKE
2007-09-28,14.72249984741211,14.5024995803833,14.520000457763672,14.664999961853027,12752800.0,9.183401107788086,NKE
2007-10-01,14.90999984741211,14.654999732971193,14.697500228881836,14.84749984741211,16150800.0,9.297685623168944,NKE
2007-10-02,14.967499732971193,14.727499961853027,14.822500228881836,14.789999961853027,9663200.0,9.261679649353027,NKE
2007-10-03,15.0,14.697500228881836,14.702500343322756,14.80500030517578,12736400.0,9.27107048034668,NKE
2007-10-04,14.869999885559082,14.649999618530273,14.84000015258789,14.84000015258789,10562000.0,9.292987823486328,NKE
2007-10-05,15.125,14.7475004196167,14.835000038146973,15.087499618530273,16045600.0,9.447979927062988,NKE
2007-10-08,15.11750030517578,14.917499542236328,15.039999961853027,15.0024995803833,7972400.0,9.394749641418457,NKE
2007-10-09,15.547499656677244,14.989999771118164,15.0,15.442500114440918,23422000.0,9.670283317565918,NKE
2007-10-10,15.592499732971193,15.31999969482422,15.364999771118164,15.46500015258789,17946000.0,9.684372901916504,NKE
2007-10-11,15.524999618530273,15.21500015258789,15.5,15.2524995803833,23566000.0,9.551304817199707,NKE
2007-10-12,15.859999656677244,15.239999771118164,15.239999771118164,15.787500381469727,21796000.0,9.886326789855957,NKE
2007-10-15,16.184999465942386,15.707500457763672,15.75,15.979999542236328,19207600.0,10.006872177124023,NKE
2007-10-16,16.010000228881836,15.675000190734865,15.96500015258789,15.977499961853027,17908000.0,10.005306243896484,NKE
2007-10-17,16.142499923706055,15.5,16.125,15.789999961853027,13084000.0,9.887893676757812,NKE
2007-10-18,15.899999618530273,15.614999771118164,15.645000457763672,15.8149995803833,8748400.0,9.903547286987305,NKE
2007-10-19,15.99250030517578,15.59749984741211,15.734999656677244,15.832500457763672,18352000.0,9.914507865905762,NKE
2007-10-22,15.86750030517578,15.494999885559082,15.6274995803833,15.792499542236328,17367200.0,9.889456748962402,NKE
2007-10-23,16.094999313354492,15.614999771118164,15.975000381469727,16.030000686645508,15898000.0,10.03818130493164,NKE
2007-10-24,15.975000381469727,15.59749984741211,15.949999809265135,15.864999771118164,19608800.0,9.934857368469238,NKE
2007-10-25,16.049999237060547,15.795000076293945,15.857500076293945,15.960000038146973,19069600.0,9.994348526000977,NKE
2007-10-26,16.247499465942386,15.84749984741211,15.869999885559082,16.15250015258789,14576800.0,10.114893913269043,NKE
2007-10-29,16.367500305175778,16.110000610351562,16.114999771118164,16.305000305175778,9694400.0,10.2103910446167,NKE
2007-10-30,16.362499237060547,16.0,16.059999465942386,16.232500076293945,8095200.0,10.16499137878418,NKE
2007-10-31,16.642499923706055,16.322500228881836,16.392499923706055,16.565000534057614,11764400.0,10.37320327758789,NKE
2007-11-01,16.517499923706055,15.914999961853027,16.485000610351562,15.954999923706055,12705600.0,9.991217613220217,NKE
2007-11-02,16.337499618530273,15.667499542236328,16.334999084472653,15.967499732971193,9771200.0,9.999041557312012,NKE
2007-11-05,15.982500076293945,15.5,15.5,15.845000267028807,10694400.0,9.922333717346193,NKE
2007-11-06,16.067499160766598,15.6899995803833,15.857500076293945,15.9975004196167,9244000.0,10.017827987670898,NKE
2007-11-07,15.9975004196167,15.585000038146973,15.75,15.69499969482422,11726400.0,9.828402519226074,NKE
2007-11-08,15.907500267028807,15.227499961853027,15.707500457763672,15.824999809265135,15632800.0,9.909811019897461,NKE
2007-11-09,15.710000038146973,15.357500076293945,15.585000038146973,15.552499771118164,12809200.0,9.739165306091307,NKE
2007-11-12,16.100000381469727,15.28499984741211,15.427499771118164,15.649999618530273,16968000.0,9.800219535827637,NKE
2007-11-13,16.030000686645508,15.574999809265135,15.75,15.9975004196167,12602400.0,10.017827987670898,NKE
2007-11-14,16.200000762939453,15.78499984741211,16.0625,15.80500030517578,11415600.0,9.897286415100098,NKE
2007-11-15,15.994999885559082,15.572500228881836,15.75,15.762499809265135,8388800.0,9.870673179626463,NKE
2007-11-16,15.977499961853027,15.40250015258789,15.899999618530273,15.65999984741211,14151200.0,9.806486129760742,NKE
2007-11-19,15.8125,15.407500267028807,15.592499732971193,15.5,12268400.0,9.706289291381836,NKE
2007-11-20,15.729999542236328,15.375,15.537500381469727,15.56999969482422,11240400.0,9.75012493133545,NKE
2007-11-21,15.979999542236328,15.327500343322756,15.327500343322756,15.720000267028807,9668400.0,9.844057083129883,NKE
2007-11-23,16.0,15.72249984741211,15.782500267028807,15.9375,3479200.0,9.980257987976074,NKE
2007-11-26,15.970000267028807,15.529999732971193,15.970000267028807,15.545000076293945,7994000.0,9.734471321105957,NKE
2007-11-27,15.977499961853027,15.595000267028807,15.595000267028807,15.850000381469727,10461200.0,9.925464630126953,NKE
2007-11-28,16.405000686645508,15.850000381469727,16.0,16.302499771118164,14082400.0,10.20882797241211,NKE
2007-11-29,16.282499313354492,15.957500457763672,16.282499313354492,16.177499771118164,6916000.0,10.130549430847168,NKE
2007-11-30,16.547500610351562,16.247499465942386,16.247499465942386,16.412500381469727,10806400.0,10.277709007263184,NKE
2007-12-03,16.982500076293945,16.212499618530273,16.237499237060547,16.75,13298800.0,10.489054679870604,NKE
2007-12-04,16.84000015258789,16.382499694824222,16.84000015258789,16.450000762939453,14831600.0,10.301191329956056,NKE
2007-12-05,16.6875,16.332500457763672,16.610000610351562,16.485000610351562,10892800.0,10.323110580444336,NKE
2007-12-06,16.40999984741211,16.227500915527347,16.342500686645508,16.352500915527347,10533200.0,10.385029792785645,NKE
2007-12-07,16.530000686645508,16.27750015258789,16.350000381469727,16.350000381469727,7061600.0,10.383440971374512,NKE
2007-12-10,16.520000457763672,16.344999313354492,16.350000381469727,16.46500015258789,7772400.0,10.456476211547852,NKE
2007-12-11,16.65250015258789,16.037500381469727,16.522499084472653,16.049999237060547,11172800.0,10.19292163848877,NKE
2007-12-12,16.459999084472653,15.854999542236328,16.217500686645508,16.112499237060547,13623600.0,10.23261260986328,NKE
2007-12-13,16.317499160766598,15.994999885559082,16.002500534057614,16.239999771118164,15991600.0,10.31358242034912,NKE
2007-12-14,16.27750015258789,15.977499961853027,16.27750015258789,16.079999923706055,9867200.0,10.211971282958984,NKE
2007-12-17,16.190000534057614,15.710000038146973,16.010000228881836,15.762499809265135,9237200.0,10.010336875915527,NKE
2007-12-18,15.94499969482422,15.5600004196167,15.887499809265135,15.9375,13237600.0,10.12147331237793,NKE
2007-12-19,16.162500381469727,15.832500457763672,16.040000915527347,15.949999809265135,12203600.0,10.129415512084961,NKE
2007-12-20,16.850000381469727,16.452499389648438,16.452499389648438,16.502500534057614,25314000.0,10.480291366577148,NKE
2007-12-21,16.665000915527347,16.454999923706055,16.665000915527347,16.567499160766598,11972000.0,10.52156925201416,NKE
2007-12-24,16.757499694824222,16.522499084472653,16.522499084472653,16.719999313354492,5818000.0,10.618417739868164,NKE
2007-12-26,16.745000839233402,16.395000457763672,16.692499160766598,16.520000457763672,7418800.0,10.491405487060547,NKE
2007-12-27,16.557500839233402,16.21500015258789,16.452499389648438,16.25,8405600.0,10.31993293762207,NKE
2007-12-28,16.469999313354492,16.014999389648438,16.457500457763672,16.077499389648438,17604400.0,10.210386276245117,NKE
2007-12-31,16.197500228881836,16.002500534057614,16.002500534057614,16.059999465942386,7368400.0,10.19927215576172,NKE
2008-01-02,16.174999237060547,15.675000190734865,16.079999923706055,15.81999969482422,9781600.0,10.046854019165039,NKE
2008-01-03,15.9375,15.595000267028807,15.81999969482422,15.677499771118164,10636000.0,9.956356048583984,NKE
2008-01-04,15.720000267028807,15.425000190734865,15.5600004196167,15.4350004196167,22335200.0,9.80235195159912,NKE
2008-01-07,15.579999923706055,15.324999809265135,15.5,15.52750015258789,20808400.0,9.86109447479248,NKE
2008-01-08,15.744999885559082,15.385000228881836,15.600000381469727,15.457500457763672,16714400.0,9.816638946533203,NKE
2008-01-09,15.50749969482422,15.282500267028807,15.50749969482422,15.49250030517578,23320400.0,9.838865280151367,NKE
2008-01-10,15.795000076293945,15.324999809265135,15.479999542236328,15.635000228881836,22925600.0,9.929362297058104,NKE
2008-01-11,15.510000228881836,15.052499771118164,15.510000228881836,15.175000190734865,22223200.0,9.637229919433594,NKE
2008-01-14,15.369999885559082,14.962499618530273,15.267499923706055,15.182499885559082,14272400.0,9.641992568969727,NKE
2008-01-15,14.97249984741211,14.25,14.967499732971193,14.265000343322756,28277600.0,9.05931568145752,NKE
2008-01-16,14.5649995803833,14.02750015258789,14.234999656677244,14.417499542236328,23447600.0,9.156160354614258,NKE
2008-01-17,14.59000015258789,13.989999771118164,14.43000030517578,13.994999885559082,17617600.0,8.887843132019043,NKE
2008-01-18,14.967499732971193,14.0,14.112500190734865,14.125,17035600.0,8.970402717590332,NKE
2008-01-22,14.5,12.875,12.989999771118164,14.322500228881836,22090800.0,9.095832824707033,NKE
2008-01-23,14.520000457763672,13.5024995803833,13.875,14.380000114440918,31090000.0,9.132346153259276,NKE
2008-01-24,14.657500267028807,14.0625,14.404999732971193,14.352499961853027,21211200.0,9.114882469177246,NKE
2008-01-25,14.545000076293945,13.897500038146973,14.545000076293945,14.0,18719200.0,8.891021728515625,NKE
2008-01-28,14.432499885559082,13.917499542236328,14.00749969482422,14.322500228881836,10897600.0,9.095832824707033,NKE
2008-01-29,14.392499923706055,14.06999969482422,14.392499923706055,14.337499618530273,14388800.0,9.105355262756348,NKE
2008-01-30,14.984999656677244,14.520000457763672,14.5649995803833,14.850000381469727,22191200.0,9.43083381652832,NKE
2008-01-31,15.545000076293945,14.795000076293945,14.845000267028807,15.332500457763672,29711600.0,9.737250328063963,NKE
2008-02-01,15.6274995803833,15.125,15.40999984741211,15.6274995803833,16319600.0,9.924601554870604,NKE
2008-02-04,15.657500267028807,15.0600004196167,15.63249969482422,15.1850004196167,12340000.0,9.643582344055176,NKE
2008-02-05,15.212499618530273,14.8774995803833,14.947500228881836,14.949999809265135,14421600.0,9.494338035583496,NKE
2008-02-06,15.34749984741211,14.960000038146973,15.079999923706055,15.00749969482422,15425200.0,9.53085708618164,NKE
2008-02-07,15.262499809265135,14.887499809265135,14.895000457763672,15.1899995803833,15486400.0,9.646756172180176,NKE
2008-02-08,15.352499961853027,14.952500343322756,15.137499809265135,15.15999984741211,11468000.0,9.627707481384276,NKE
2008-02-11,15.322500228881836,15.0,15.1850004196167,15.164999961853027,10993600.0,9.630881309509276,NKE
2008-02-12,15.49250030517578,15.140000343322756,15.202500343322756,15.342499732971193,12473600.0,9.743605613708496,NKE
2008-02-13,15.6850004196167,15.204999923706055,15.467499732971193,15.637499809265135,13797600.0,9.930953025817873,NKE
2008-02-14,15.75,15.517499923706055,15.72249984741211,15.574999809265135,12611600.0,9.891257286071776,NKE
2008-02-15,15.729999542236328,15.420000076293945,15.539999961853027,15.572500228881836,10672400.0,9.889673233032227,NKE
2008-02-19,15.7475004196167,15.225000381469727,15.72249984741211,15.279999732971193,9342800.0,9.70391082763672,NKE
2008-02-20,15.38249969482422,15.114999771118164,15.1850004196167,15.300000190734865,9100800.0,9.71661376953125,NKE
2008-02-21,15.287500381469727,14.914999961853027,14.914999961853027,15.079999923706055,13146400.0,9.576897621154783,NKE
2008-02-22,15.19499969482422,14.914999961853027,15.112500190734865,15.147500038146973,13349200.0,9.619765281677246,NKE
2008-02-25,15.432499885559082,15.072500228881836,15.175000190734865,15.397500038146973,9977600.0,9.778532028198242,NKE
2008-02-26,15.75,15.352499961853027,15.352499961853027,15.65250015258789,10002800.0,9.94048023223877,NKE
2008-02-27,15.729999542236328,15.512499809265135,15.52750015258789,15.595000267028807,9118800.0,9.90396213531494,NKE
2008-02-28,15.602499961853027,15.3725004196167,15.494999885559082,15.510000228881836,8518000.0,9.849980354309082,NKE
2008-02-29,15.427499771118164,14.989999771118164,15.327500343322756,15.050000190734865,11806800.0,9.557846069335938,NKE
2008-03-03,15.1274995803833,14.84000015258789,15.0600004196167,15.022500038146973,10357200.0,9.540379524230957,NKE
2008-03-04,15.225000381469727,14.875,14.907500267028807,15.107500076293945,16664000.0,9.594367027282717,NKE
2008-03-05,15.477499961853027,15.029999732971193,15.202500343322756,15.202500343322756,11769200.0,9.654693603515623,NKE
2008-03-06,15.15999984741211,14.857500076293945,15.154999732971193,14.895000457763672,18622000.0,9.604718208312988,NKE
2008-03-07,14.93000030517578,14.422499656677244,14.7475004196167,14.5600004196167,17196800.0,9.388702392578123,NKE
2008-03-10,14.744999885559082,14.192500114440918,14.545000076293945,14.24250030517578,16182400.0,9.183966636657717,NKE
2008-03-11,14.550000190734865,14.175000190734865,14.53499984741211,14.479999542236328,14697200.0,9.337119102478027,NKE
2008-03-12,15.067500114440918,14.5,14.5,14.9399995803833,18241200.0,9.633739471435547,NKE
2008-03-13,15.342499732971193,14.5,14.712499618530273,15.25749969482422,19245600.0,9.838470458984377,NKE
2008-03-14,15.399999618530273,14.827500343322756,15.399999618530273,14.989999771118164,18881600.0,9.66598129272461,NKE
2008-03-17,15.039999961853027,14.4375,14.604999542236328,14.8149995803833,18276800.0,9.553133010864258,NKE
2008-03-18,15.4350004196167,14.892499923706055,15.067500114440918,15.417499542236328,13800800.0,9.941643714904783,NKE
2008-03-19,15.729999542236328,15.454999923706055,15.697500228881836,15.457500457763672,20753600.0,9.967439651489258,NKE
2008-03-20,16.837499618530273,15.457500457763672,16.177499771118164,16.817499160766598,43300400.0,10.844404220581056,NKE
2008-03-24,17.649999618530273,16.620000839233402,16.747499465942386,17.270000457763672,29827600.0,11.136190414428713,NKE
2008-03-25,17.325000762939453,17.002500534057614,17.309999465942386,17.092500686645508,20459600.0,11.021735191345217,NKE
2008-03-26,17.100000381469727,16.517499923706055,17.037500381469727,16.567499160766598,20653600.0,10.683198928833008,NKE
2008-03-27,16.827499389648438,16.495000839233402,16.637500762939453,16.495000839233402,15341200.0,10.63644790649414,NKE
2008-03-28,16.607500076293945,16.274999618530273,16.582500457763672,16.46500015258789,21333200.0,10.61710262298584,NKE
2008-03-31,17.065000534057614,16.4375,16.4375,17.0,23122800.0,10.962081909179688,NKE
2008-04-01,17.477500915527347,16.815000534057614,17.149999618530273,17.392499923706055,18046800.0,11.215181350708008,NKE
2008-04-02,17.5,16.887500762939453,17.219999313354492,16.992500305175778,15547600.0,10.957250595092773,NKE
2008-04-03,17.334999084472653,16.815000534057614,16.857500076293945,17.225000381469727,12903600.0,11.107171058654783,NKE
2008-04-04,17.3125,16.987499237060547,17.287500381469727,17.127500534057614,12564800.0,11.04430103302002,NKE
2008-04-07,17.237499237060547,16.704999923706055,17.217500686645508,16.707500457763672,13005600.0,10.773472785949707,NKE
2008-04-08,16.860000610351562,16.559999465942386,16.559999465942386,16.632499694824222,13129200.0,10.725110054016113,NKE
2008-04-09,16.817499160766598,16.487499237060547,16.674999237060547,16.610000610351562,12546400.0,10.710600852966307,NKE
2008-04-10,17.004999160766598,16.475000381469727,16.579999923706055,16.842500686645508,17466000.0,10.860526084899902,NKE
2008-04-11,17.0,16.649999618530273,16.674999237060547,16.672500610351562,13063600.0,10.75090503692627,NKE
2008-04-14,16.690000534057614,16.462499618530273,16.577499389648438,16.514999389648438,8822000.0,10.64934253692627,NKE
2008-04-15,16.65250015258789,16.297500610351562,16.65250015258789,16.454999923706055,9449600.0,10.610650062561037,NKE
2008-04-16,16.637500762939453,16.367500305175778,16.537500381469727,16.517499923706055,11082000.0,10.650955200195312,NKE
2008-04-17,16.927499771118164,16.5,16.5,16.887500762939453,13870400.0,10.889545440673828,NKE
2008-04-18,17.037500381469727,16.809999465942386,17.037500381469727,16.97249984741211,16032800.0,10.94435214996338,NKE
2008-04-21,17.21500015258789,16.77750015258789,16.867500305175778,17.155000686645508,14613600.0,11.06203556060791,NKE
2008-04-22,17.194999694824222,16.827499389648438,17.112499237060547,17.007499694824222,11544400.0,10.9669189453125,NKE
2008-04-23,17.237499237060547,16.844999313354492,17.104999542236328,16.895000457763672,14086000.0,10.894378662109377,NKE
2008-04-24,17.149999618530273,16.854999542236328,16.952499389648438,17.014999389648438,14331600.0,10.971759796142578,NKE
2008-04-25,17.212499618530273,16.930000305175778,17.129999160766598,17.184999465942386,12367200.0,11.081377029418944,NKE
2008-04-28,17.257499694824222,16.899999618530273,17.257499694824222,16.954999923706055,11620800.0,10.93306827545166,NKE
2008-04-29,17.127500534057614,16.875,16.954999923706055,17.057500839233402,10004400.0,10.999164581298828,NKE
2008-04-30,17.174999237060547,16.65250015258789,17.057500839233402,16.700000762939453,16749600.0,10.76863956451416,NKE
2008-05-01,17.127500534057614,16.625,16.700000762939453,16.952499389648438,12510400.0,10.93145751953125,NKE
2008-05-02,17.147499084472653,16.752500534057614,17.147499084472653,16.915000915527347,11914000.0,10.907280921936037,NKE
2008-05-05,17.122499465942386,16.637500762939453,16.780000686645508,16.745000839233402,8763600.0,10.797656059265137,NKE
2008-05-06,16.954999923706055,16.547500610351562,16.739999771118164,16.895000457763672,7838800.0,10.894378662109377,NKE
2008-05-07,17.165000915527347,16.639999389648438,16.934999465942386,16.6875,10034800.0,10.760574340820312,NKE
2008-05-08,16.752500534057614,16.084999084472653,16.717500686645508,16.200000762939453,18050800.0,10.446221351623537,NKE
2008-05-09,16.325000762939453,16.047500610351562,16.325000762939453,16.217500686645508,9467200.0,10.45750904083252,NKE
2008-05-12,16.482500076293945,16.212499618530273,16.292499542236328,16.334999084472653,33614800.0,10.533275604248047,NKE
2008-05-13,16.520000457763672,16.165000915527347,16.40999984741211,16.415000915527347,15700800.0,10.584861755371094,NKE
2008-05-14,17.09749984741211,16.415000915527347,16.5,16.860000610351562,15339200.0,10.871809005737305,NKE
2008-05-15,17.110000610351562,16.825000762939453,16.97249984741211,17.004999160766598,11500400.0,10.96530532836914,NKE
2008-05-16,17.067499160766598,16.702499389648438,17.067499160766598,16.882499694824222,8302800.0,10.886317253112793,NKE
2008-05-19,17.162500381469727,16.797500610351562,16.882499694824222,16.944999694824222,9700800.0,10.926618576049805,NKE
2008-05-20,17.040000915527347,16.677499771118164,16.799999237060547,16.760000228881836,14901200.0,10.807326316833496,NKE
2008-05-21,16.837499618530273,16.21500015258789,16.77750015258789,16.282499313354492,11214400.0,10.499419212341307,NKE
2008-05-22,16.372499465942386,16.147499084472653,16.272499084472653,16.252500534057614,10782800.0,10.480076789855957,NKE
2008-05-23,16.322500228881836,16.020000457763672,16.22249984741211,16.192499160766598,8026800.0,10.441386222839355,NKE
2008-05-27,16.670000076293945,16.030000686645508,16.229999542236328,16.504999160766598,10364000.0,10.64289665222168,NKE
2008-05-28,17.017499923706055,16.647499084472653,16.647499084472653,16.844999313354492,12643200.0,10.862136840820312,NKE
2008-05-29,17.217500686645508,16.732500076293945,16.84749984741211,17.09749984741211,11737200.0,11.024957656860352,NKE
2008-05-30,17.219999313354492,16.790000915527347,17.180000305175778,17.092500686645508,10415600.0,11.021735191345217,NKE
2008-06-02,17.067499160766598,16.504999160766598,17.067499160766598,16.78499984741211,11579600.0,10.823444366455078,NKE
2008-06-03,16.930000305175778,16.575000762939453,16.877500534057614,16.742500305175778,11148400.0,10.796041488647461,NKE
2008-06-04,17.100000381469727,16.682500839233402,16.742500305175778,16.985000610351562,14140000.0,10.952413558959961,NKE
2008-06-05,17.569999694824222,16.9375,17.012500762939453,17.517499923706055,19548400.0,11.450843811035154,NKE
2008-06-06,17.395000457763672,16.982500076293945,17.34000015258789,16.982500076293945,12819600.0,11.101123809814453,NKE
2008-06-09,17.22249984741211,16.805000305175778,16.967500686645508,17.145000457763672,13671200.0,11.207345008850098,NKE
2008-06-10,17.25,17.0,17.007499694824222,17.120000839233402,15384800.0,11.191007614135742,NKE
2008-06-11,17.132499694824222,16.834999084472653,17.132499694824222,16.860000610351562,18232800.0,11.021051406860352,NKE
2008-06-12,17.149999618530273,16.614999771118164,16.915000915527347,16.694999694824222,12115600.0,10.913190841674805,NKE
2008-06-13,17.430000305175778,16.772499084472653,16.772499084472653,17.247499465942386,13591600.0,11.274351119995115,NKE
2008-06-16,17.21500015258789,16.969999313354492,17.209999084472653,17.094999313354492,12796000.0,11.174663543701172,NKE
2008-06-17,17.299999237060547,16.942499160766598,17.299999237060547,17.0,13029600.0,11.112563133239746,NKE
2008-06-18,17.237499237060547,16.862499237060547,16.924999237060547,16.969999313354492,12700000.0,11.09295654296875,NKE
2008-06-19,17.120000839233402,16.754999160766598,17.012500762939453,16.959999084472653,11810000.0,11.086417198181152,NKE
2008-06-20,16.875,16.46500015258789,16.807500839233402,16.682500839233402,16980000.0,10.90501880645752,NKE
2008-06-23,16.944999694824222,16.635000228881836,16.757499694824222,16.725000381469727,12956400.0,10.932804107666016,NKE
2008-06-24,16.84749984741211,16.477500915527347,16.770000457763672,16.492500305175778,14776800.0,10.780817985534668,NKE
2008-06-25,16.877500534057614,16.454999923706055,16.5625,16.492500305175778,19211600.0,10.780817985534668,NKE
2008-06-26,15.5,14.407500267028807,15.212499618530273,14.875,74110000.0,9.723493576049805,NKE
2008-06-27,15.457500457763672,14.760000228881836,14.93000030517578,15.085000038146973,30551600.0,9.860764503479004,NKE
2008-06-30,15.137499809265135,14.8725004196167,15.114999771118164,14.90250015258789,19787200.0,9.741469383239746,NKE
2008-07-01,14.90999984741211,14.407500267028807,14.899999618530273,14.7475004196167,29830400.0,9.64015007019043,NKE
2008-07-02,14.979999542236328,14.494999885559082,14.832500457763672,14.522500038146973,19503200.0,9.493069648742676,NKE
2008-07-03,14.859999656677244,14.352499961853027,14.572500228881836,14.630000114440918,9906400.0,9.563342094421387,NKE
2008-07-07,14.80500030517578,13.880000114440918,14.640000343322756,14.114999771118164,33076400.0,9.226696968078613,NKE
2008-07-08,14.59000015258789,13.90999984741211,14.09749984741211,14.579999923706055,19264000.0,9.530658721923828,NKE
2008-07-09,14.524999618530273,14.142499923706055,14.524999618530273,14.237500190734865,25130400.0,9.306775093078613,NKE
2008-07-10,14.237500190734865,13.755000114440918,14.212499618530273,13.917499542236328,21954000.0,9.097594261169434,NKE
2008-07-11,14.217499732971193,13.65999984741211,13.78499984741211,14.0649995803833,25430400.0,9.194012641906738,NKE
2008-07-14,14.327500343322756,13.899999618530273,14.260000228881836,13.952500343322756,16366000.0,9.120475769042967,NKE
2008-07-15,14.539999961853027,13.922499656677244,14.170000076293945,14.40999984741211,22334400.0,9.419529914855957,NKE
2008-07-16,14.59000015258789,14.100000381469727,14.397500038146973,14.539999961853027,24480400.0,9.504512786865234,NKE
2008-07-17,14.692500114440918,14.232500076293945,14.630000114440918,14.640000343322756,25974400.0,9.569879531860352,NKE
2008-07-18,14.69499969482422,14.079999923706055,14.682499885559082,14.550000190734865,16460000.0,9.5110502243042,NKE
2008-07-21,14.470000267028807,14.119999885559082,14.3149995803833,14.3774995803833,11886400.0,9.39828872680664,NKE
2008-07-22,14.667499542236328,14.15999984741211,14.30500030517578,14.667499542236328,15262400.0,9.587857246398926,NKE
2008-07-23,15.107500076293945,14.625,14.642499923706055,14.800000190734865,15138400.0,9.674467086791992,NKE
2008-07-24,14.984999656677244,14.479999542236328,14.835000038146973,14.532500267028807,13551200.0,9.499608039855957,NKE
2008-07-25,14.74250030517578,14.395000457763672,14.619999885559082,14.542499542236328,12376400.0,9.506145477294922,NKE
2008-07-28,14.725000381469727,14.307499885559082,14.532500267028807,14.3100004196167,10239200.0,9.35416316986084,NKE
2008-07-29,14.8100004196167,14.274999618530273,14.274999618530273,14.765000343322756,9439200.0,9.651589393615724,NKE
2008-07-30,15.102499961853027,14.672499656677244,14.824999809265135,14.920000076293945,10321600.0,9.752908706665039,NKE
2008-07-31,15.057499885559082,14.477499961853027,14.9375,14.670000076293945,10873600.0,9.589489936828613,NKE
2008-08-01,14.947500228881836,14.4375,14.604999542236328,14.850000381469727,12630400.0,9.707151412963867,NKE
2008-08-04,15.045000076293945,14.697500228881836,14.90250015258789,14.94499969482422,9850000.0,9.769254684448242,NKE
2008-08-05,15.395000457763672,14.88249969482422,15.02750015258789,15.395000457763672,18087600.0,10.06340789794922,NKE
2008-08-06,15.637499809265135,15.100000381469727,15.3725004196167,15.547499656677244,18742000.0,10.163093566894533,NKE
2008-08-07,15.399999618530273,15.010000228881836,15.399999618530273,15.212499618530273,17508400.0,9.944110870361328,NKE
2008-08-08,15.822500228881836,15.125,15.265000343322756,15.737500190734865,11874800.0,10.287291526794434,NKE
2008-08-11,16.200000762939453,15.582500457763672,15.755000114440918,15.817500114440918,13809200.0,10.339585304260254,NKE
2008-08-12,15.850000381469727,15.399999618530273,15.677499771118164,15.524999618530273,12808000.0,10.148385047912598,NKE
2008-08-13,15.662500381469727,15.234999656677244,15.607500076293945,15.49250030517578,8266400.0,10.127140998840332,NKE
2008-08-14,15.712499618530273,15.335000038146973,15.422499656677244,15.5,10138000.0,10.132043838500977,NKE
2008-08-15,15.72249984741211,15.475000381469727,15.505000114440918,15.572500228881836,11118800.0,10.179437637329102,NKE
2008-08-18,15.6875,15.337499618530273,15.625,15.412500381469727,6478400.0,10.074848175048828,NKE
2008-08-19,15.380000114440918,15.192500114440918,15.302499771118164,15.25749969482422,7378800.0,9.97352695465088,NKE
2008-08-20,15.350000381469727,15.02750015258789,15.272500038146973,15.164999961853027,12656000.0,9.913063049316406,NKE
2008-08-21,15.182499885559082,14.8149995803833,15.024999618530273,15.147500038146973,10855200.0,9.90162181854248,NKE
2008-08-22,15.5,15.227499961853027,15.244999885559082,15.27750015258789,9777200.0,9.986597061157227,NKE
2008-08-25,15.3149995803833,14.854999542236328,15.164999961853027,14.927499771118164,10201600.0,9.7578125,NKE
2008-08-26,14.967499732971193,14.6875,14.947500228881836,14.729999542236328,11962400.0,9.628708839416504,NKE
2008-08-27,14.949999809265135,14.675000190734865,14.774999618530273,14.917499542236328,9242800.0,9.751272201538086,NKE
2008-08-28,15.385000228881836,14.949999809265135,14.979999542236328,15.30500030517578,9265200.0,10.004578590393066,NKE
2008-08-29,15.335000038146973,15.130000114440918,15.295000076293945,15.15250015258789,6644400.0,9.904892921447754,NKE
2008-09-02,15.6850004196167,15.19499969482422,15.390000343322756,15.295000076293945,13534400.0,9.998041152954102,NKE
2008-09-03,15.522500038146973,15.0024995803833,15.182499885559082,15.477499961853027,12368400.0,10.117338180541992,NKE
2008-09-04,15.432499885559082,14.912500381469727,15.24250030517578,14.9350004196167,11733600.0,9.909979820251463,NKE
2008-09-05,14.922499656677244,14.61750030517578,14.852499961853027,14.704999923706055,13754400.0,9.757365226745604,NKE
2008-09-08,15.104999542236328,14.725000381469727,15.0,15.082500457763672,12672400.0,10.007854461669922,NKE
2008-09-09,15.387499809265135,14.8725004196167,15.082500457763672,15.06999969482422,14018800.0,9.999553680419922,NKE
2008-09-10,15.202500343322756,14.782500267028807,14.97249984741211,14.967499732971193,14780400.0,9.931544303894043,NKE
2008-09-11,15.255000114440918,14.729999542236328,14.8125,15.24250030517578,13285600.0,10.114018440246582,NKE
2008-09-12,15.520000457763672,15.0,15.149999618530273,15.479999542236328,13172400.0,10.2716064453125,NKE
2008-09-15,15.670000076293945,14.755000114440918,15.107500076293945,15.125,14310400.0,10.036051750183104,NKE
2008-09-16,15.484999656677244,14.762499809265135,14.77750015258789,15.297499656677244,14528800.0,10.150511741638184,NKE
2008-09-17,15.342499732971193,14.675000190734865,14.8774995803833,14.890000343322756,19561200.0,9.880122184753418,NKE
2008-09-18,16.497499465942386,14.6850004196167,15.0625,16.15999984741211,50457200.0,10.722820281982422,NKE
2008-09-19,16.665000915527347,15.462499618530273,16.655000686645508,15.925000190734865,28968400.0,10.566886901855467,NKE
2008-09-22,16.452499389648438,15.612500190734865,16.299999237060547,15.787500381469727,16620800.0,10.475648880004883,NKE
2008-09-23,15.850000381469727,15.137499809265135,15.850000381469727,15.207500457763672,17416800.0,10.09079360961914,NKE
2008-09-24,15.260000228881836,14.707500457763672,15.210000038146973,14.817500114440918,18742000.0,9.832012176513672,NKE
2008-09-25,16.444999694824222,15.604999542236328,15.604999542236328,16.252500534057614,46048800.0,10.78419589996338,NKE
2008-09-26,17.0,16.0,16.045000076293945,16.947500228881836,30228000.0,11.245355606079102,NKE
2008-09-29,16.837499618530273,16.157499313354492,16.745000839233402,16.262500762939453,31568400.0,10.790830612182617,NKE
2008-09-30,16.860000610351562,16.212499618530273,16.482500076293945,16.725000381469727,21366000.0,11.097716331481934,NKE
2008-10-01,16.754999160766598,16.287500381469727,16.549999237060547,16.540000915527347,14877200.0,10.97496223449707,NKE
2008-10-02,16.5,15.899999618530273,16.280000686645508,15.9375,21488800.0,10.575181007385254,NKE
2008-10-03,16.5,15.8125,16.09749984741211,15.8125,16807600.0,10.49223804473877,NKE
2008-10-06,15.75,14.354999542236328,15.4975004196167,15.28499984741211,34281200.0,10.142216682434082,NKE
2008-10-07,15.487500190734865,14.467499732971193,15.487500190734865,14.494999885559082,18095200.0,9.618021965026855,NKE
2008-10-08,14.717499732971193,13.789999961853027,14.25749969482422,13.925000190734865,36857600.0,9.239803314208984,NKE
2008-10-09,14.237500190734865,13.22249984741211,14.020000457763672,13.270000457763672,24248400.0,8.805185317993164,NKE
2008-10-10,14.479999542236328,12.25749969482422,12.585000038146973,13.63249969482422,38996000.0,9.04571533203125,NKE
2008-10-13,14.087499618530273,13.572500228881836,13.922499656677244,13.962499618530273,26116000.0,9.26468563079834,NKE
2008-10-14,14.875,14.072500228881836,14.515000343322756,14.279999732971193,32041200.0,9.475359916687012,NKE
2008-10-15,14.13249969482422,12.550000190734865,14.005000114440918,12.59000015258789,28835600.0,8.353976249694824,NKE
2008-10-16,14.052499771118164,12.475000381469727,13.157500267028807,13.99250030517578,33808000.0,9.284592628479004,NKE
2008-10-17,14.552499771118164,13.46500015258789,13.657500267028807,14.369999885559082,24772800.0,9.535078048706056,NKE
2008-10-20,14.9375,14.21500015258789,14.567500114440918,14.9375,21467200.0,9.911638259887695,NKE
2008-10-21,14.927499771118164,14.18000030517578,14.7524995803833,14.279999732971193,17496800.0,9.475359916687012,NKE
2008-10-22,13.967499732971193,12.75,13.875,13.125,26076400.0,8.708972930908201,NKE
2008-10-23,13.329999923706055,12.042499542236328,13.052499771118164,12.682499885559082,29143600.0,8.41535472869873,NKE
2008-10-24,12.547499656677244,11.807499885559082,11.897500038146973,11.947500228881836,30127200.0,7.9276533126831055,NKE
2008-10-27,12.220000267028807,11.61750030517578,11.797499656677244,11.637499809265135,15547200.0,7.721956253051758,NKE
2008-10-28,13.125,11.657500267028807,11.914999961853027,13.104999542236328,25963200.0,8.695701599121094,NKE
2008-10-29,13.72249984741211,12.6850004196167,13.045000076293945,13.119999885559082,17874000.0,8.70565128326416,NKE
2008-10-30,14.095000267028807,13.375,13.6274995803833,13.952500343322756,24024000.0,9.258051872253418,NKE
2008-10-31,14.760000228881836,13.795000076293945,13.795000076293945,14.407500267028807,21066000.0,9.559962272644043,NKE
2008-11-03,14.625,13.857500076293945,14.337499618530273,13.960000038146973,12396400.0,9.263028144836426,NKE
2008-11-04,14.3125,13.75749969482422,14.217499732971193,14.05500030517578,12760800.0,9.326064109802246,NKE
2008-11-05,14.09749984741211,13.135000228881836,13.9975004196167,13.19499969482422,16672800.0,8.755420684814451,NKE
2008-11-06,12.984999656677244,12.484999656677244,12.984999656677244,12.65999984741211,28529600.0,8.400424003601074,NKE
2008-11-07,12.8100004196167,11.890000343322756,12.664999961853027,12.352499961853027,24364000.0,8.19638729095459,NKE
2008-11-10,12.682499885559082,11.729999542236328,12.682499885559082,11.99250030517578,21672400.0,7.957512378692628,NKE
2008-11-11,12.05500030517578,11.085000038146973,11.977499961853027,11.417499542236328,29281600.0,7.575974464416504,NKE
2008-11-12,11.4350004196167,10.875,11.28499984741211,11.092499732971193,19592000.0,7.360325336456299,NKE
2008-11-13,12.232500076293945,10.904999732971193,11.13249969482422,12.21500015258789,24962400.0,8.105148315429688,NKE
2008-11-14,12.162500381469727,11.484999656677244,11.962499618530273,11.63249969482422,17134400.0,7.718632698059082,NKE
2008-11-17,12.00749969482422,11.5,11.512499809265135,11.577500343322756,17845200.0,7.682143211364746,NKE
2008-11-18,11.859999656677244,11.137499809265137,11.532500267028807,11.65999984741211,19340000.0,7.7368836402893075,NKE
2008-11-19,11.8149995803833,10.9399995803833,11.625,10.960000038146973,16256800.0,7.272403240203857,NKE
2008-11-20,11.960000038146973,10.670000076293944,10.817500114440918,10.90250015258789,27161600.0,7.234252452850343,NKE
2008-11-21,12.042499542236328,10.9375,11.102499961853027,11.970000267028807,25641600.0,7.942581176757812,NKE
2008-11-24,12.75,11.977499961853027,12.045000076293945,12.579999923706055,18595200.0,8.347341537475586,NKE
2008-11-25,13.1875,12.0649995803833,12.81999969482422,12.322500228881836,23982800.0,8.176481246948242,NKE
2008-11-26,13.3725004196167,12.0600004196167,12.15999984741211,13.3125,15838400.0,8.83338737487793,NKE
2008-11-28,13.5,12.907500267028807,13.5,13.3125,7490400.0,8.83338737487793,NKE
2008-12-01,13.067500114440918,11.970000267028807,13.067500114440918,12.005000114440918,14166000.0,7.9658050537109375,NKE
2008-12-02,12.619999885559082,12.09749984741211,12.172499656677244,12.5024995803833,16110000.0,8.295918464660645,NKE
2008-12-03,13.104999542236328,11.952500343322756,12.232500076293945,13.0024995803833,17430800.0,8.627686500549316,NKE
2008-12-04,13.542499542236328,12.510000228881836,12.792499542236328,12.989999771118164,21545200.0,8.788369178771973,NKE
2008-12-05,13.392499923706055,12.3774995803833,12.744999885559082,13.335000038146973,13825200.0,9.021775245666504,NKE
2008-12-08,14.332500457763672,13.574999809265135,13.63249969482422,14.042499542236328,32329200.0,9.500432014465332,NKE
2008-12-09,13.907500267028807,13.045000076293945,13.817500114440918,13.234999656677244,19459600.0,8.954122543334961,NKE
2008-12-10,12.987500190734865,12.234999656677244,12.897500038146973,12.625,25456400.0,8.541426658630371,NKE
2008-12-11,12.8100004196167,12.047499656677244,12.542499542236328,12.182499885559082,16479600.0,8.242055892944336,NKE
2008-12-12,12.425000190734865,11.90250015258789,11.917499542236328,12.342499732971193,14694400.0,8.350301742553711,NKE
2008-12-15,12.720000267028807,11.837499618530273,12.5024995803833,12.047499656677244,13592800.0,8.15071964263916,NKE
2008-12-16,12.550000190734865,11.9375,12.067500114440918,12.40999984741211,24551200.0,8.395969390869139,NKE
2008-12-17,13.100000381469727,12.175000190734865,12.175000190734865,12.65999984741211,15446800.0,8.565108299255371,NKE
2008-12-18,13.5625,12.587499618530273,12.672499656677244,13.172499656677244,24660800.0,8.911834716796875,NKE
2008-12-19,13.5,12.607500076293945,13.322500228881836,12.8149995803833,24400800.0,8.66996955871582,NKE
2008-12-22,12.912500381469727,12.03499984741211,12.817500114440918,12.274999618530273,13785600.0,8.30463695526123,NKE
2008-12-23,12.505000114440918,11.770000457763672,12.30500030517578,11.989999771118164,13102000.0,8.111820220947267,NKE
2008-12-24,12.345000267028807,11.90999984741211,12.012499809265135,12.282500267028807,4384800.0,8.309710502624513,NKE
2008-12-26,12.505000114440918,12.324999809265135,12.324999809265135,12.4399995803833,4919200.0,8.416264533996582,NKE
2008-12-29,12.49250030517578,12.067500114440918,12.425000190734865,12.234999656677244,9346000.0,8.277571678161621,NKE
2008-12-30,12.449999809265135,12.197500228881836,12.332500457763672,12.422499656677244,9626400.0,8.404424667358397,NKE
2008-12-31,12.887499809265135,12.385000228881836,12.452500343322756,12.75,15089600.0,8.625996589660645,NKE
2009-01-02,13.399999618530273,12.577500343322756,12.737500190734865,13.265000343322756,12028800.0,8.974418640136719,NKE
2009-01-05,13.442500114440918,13.074999809265135,13.154999732971193,13.359999656677244,12913200.0,9.038692474365234,NKE
2009-01-06,13.5,12.949999809265135,13.449999809265135,13.09000015258789,15290400.0,8.856021881103516,NKE
2009-01-07,13.0,12.574999809265135,12.90250015258789,12.614999771118164,20164400.0,8.534664154052733,NKE
2009-01-08,12.850000381469727,12.43000030517578,12.572500228881836,12.84749984741211,15730000.0,8.691959381103517,NKE
2009-01-09,12.94499969482422,12.342499732971193,12.862500190734865,12.40250015258789,13246400.0,8.390895843505861,NKE
2009-01-12,12.61750030517578,12.239999771118164,12.350000381469727,12.529999732971193,13730400.0,8.477152824401855,NKE
2009-01-13,12.737500190734865,12.27750015258789,12.452500343322756,12.375,15579200.0,8.372289657592772,NKE
2009-01-14,12.114999771118164,11.542499542236328,12.05500030517578,11.662500381469727,27404000.0,7.890250205993652,NKE
2009-01-15,11.842499732971193,11.43000030517578,11.662500381469727,11.739999771118164,16433600.0,7.94268274307251,NKE
2009-01-16,11.850000381469727,11.467499732971193,11.845000267028807,11.699999809265135,14116800.0,7.915619373321532,NKE
2009-01-20,11.734999656677244,11.0,11.532500267028807,11.03499984741211,14745600.0,7.465716361999513,NKE
2009-01-21,11.4350004196167,10.885000228881836,11.172499656677246,11.414999961853027,13943600.0,7.722806930541992,NKE
2009-01-22,11.71500015258789,11.045000076293944,11.25749969482422,11.407500267028807,14369600.0,7.717729568481445,NKE
2009-01-23,11.567500114440918,11.010000228881836,11.192500114440918,11.420000076293945,11378800.0,7.726187229156494,NKE
2009-01-26,11.770000457763672,11.25,11.447500228881836,11.417499542236328,8005200.0,7.724493980407715,NKE
2009-01-27,11.539999961853027,11.212499618530273,11.479999542236328,11.3774995803833,9689200.0,7.697432041168213,NKE
2009-01-28,12.087499618530273,11.574999809265135,11.579999923706055,11.899999618530273,11910800.0,8.050930976867676,NKE
2009-01-29,11.920000076293945,11.454999923706055,11.782500267028807,11.4975004196167,8737600.0,7.778618335723878,NKE
2009-01-30,11.6225004196167,11.234999656677246,11.572500228881836,11.3125,10670000.0,7.653458118438722,NKE
2009-02-02,11.324999809265135,10.954999923706056,11.142499923706056,11.107500076293944,10016400.0,7.5147647857666025,NKE
2009-02-03,11.6225004196167,11.02750015258789,11.170000076293944,11.574999809265135,11098400.0,7.831051349639893,NKE
2009-02-04,11.607500076293945,11.3149995803833,11.604999542236328,11.44499969482422,15054800.0,7.743100166320801,NKE
2009-02-05,11.857500076293945,11.332500457763672,11.44499969482422,11.800000190734865,14454000.0,7.983274459838867,NKE
2009-02-06,12.279999732971193,11.699999809265135,11.829999923706055,12.170000076293945,13866800.0,8.233597755432129,NKE
2009-02-09,12.1850004196167,11.78499984741211,12.1850004196167,11.942500114440918,11381200.0,8.079682350158691,NKE
2009-02-10,11.942500114440918,11.1899995803833,11.817500114440918,11.262499809265135,18016400.0,7.619627952575684,NKE
2009-02-11,11.34749984741211,10.842499732971193,11.345000267028807,11.077500343322754,23980000.0,7.494466304779053,NKE
2009-02-12,11.15250015258789,10.734999656677246,10.922499656677246,11.114999771118164,14872800.0,7.519839763641357,NKE
2009-02-13,11.25749969482422,10.802499771118164,11.057499885559082,10.857500076293944,12082400.0,7.345625400543213,NKE
2009-02-17,10.68000030517578,10.342499732971193,10.68000030517578,10.484999656677246,22278000.0,7.093613624572754,NKE
2009-02-18,10.984999656677246,10.487500190734863,10.579999923706056,10.880000114440918,23450400.0,7.360853672027588,NKE
2009-02-19,11.095000267028807,10.585000038146973,10.984999656677246,10.702500343322754,13044400.0,7.240764617919923,NKE
2009-02-20,10.84000015258789,10.479999542236328,10.579999923706056,10.732500076293944,12084000.0,7.261059761047362,NKE
2009-02-23,10.975000381469727,10.352499961853027,10.862500190734863,10.40250015258789,12916800.0,7.037798404693604,NKE
2009-02-24,10.779999732971193,10.1225004196167,10.40999984741211,10.734999656677246,13858000.0,7.26275110244751,NKE
2009-02-25,10.789999961853027,10.390000343322754,10.65999984741211,10.537500381469727,15884800.0,7.129131317138673,NKE
2009-02-26,10.63249969482422,10.25,10.625,10.25749969482422,12648800.0,6.939697265625,NKE
2009-02-27,10.545000076293944,10.020000457763672,10.057499885559082,10.38249969482422,18738400.0,7.02426815032959,NKE
2009-03-02,10.322500228881836,9.907500267028807,10.207500457763672,9.9399995803833,17423200.0,6.724893569946289,NKE
2009-03-03,10.3125,10.005000114440918,10.092499732971193,10.012499809265137,17107600.0,6.773942947387695,NKE
2009-03-04,10.829999923706056,10.1850004196167,10.1850004196167,10.637499809265137,16695200.0,7.196786403656006,NKE
2009-03-05,10.484999656677246,9.859999656677246,10.342499732971193,9.984999656677246,23676800.0,6.917922496795653,NKE
2009-03-06,10.227499961853027,9.75,10.0625,9.984999656677246,23967200.0,6.917922496795653,NKE
2009-03-09,10.020000457763672,9.5600004196167,9.837499618530273,9.642499923706056,20695200.0,6.68062686920166,NKE
2009-03-10,10.5,9.74250030517578,9.74250030517578,10.40250015258789,22955600.0,7.207178592681885,NKE
2009-03-11,10.984999656677246,10.4375,10.494999885559082,10.857500076293944,19248000.0,7.522415637969972,NKE
2009-03-12,11.210000038146973,10.602499961853027,10.857500076293944,11.147500038146973,18112400.0,7.723339080810548,NKE
2009-03-13,11.204999923706056,10.817500114440918,11.1899995803833,11.167499542236328,19899600.0,7.73719596862793,NKE
2009-03-16,11.270000457763672,10.90250015258789,11.25,10.977499961853027,16622800.0,7.605556964874268,NKE
2009-03-17,11.412500381469727,10.885000228881836,10.962499618530273,11.352499961853027,21866400.0,7.865367412567139,NKE
2009-03-18,11.63249969482422,11.234999656677246,11.487500190734865,11.479999542236328,23451600.0,7.953706741333008,NKE
2009-03-19,11.75,10.8125,10.94499969482422,11.625,32281600.0,8.054163932800293,NKE
2009-03-20,11.96500015258789,11.077500343322754,11.74250030517578,11.255000114440918,24951200.0,7.7978153228759775,NKE
2009-03-23,11.927499771118164,11.217499732971193,11.49250030517578,11.904999732971193,14384800.0,8.248160362243652,NKE
2009-03-24,11.802499771118164,11.342499732971193,11.6850004196167,11.399999618530273,12832000.0,7.898279666900635,NKE
2009-03-25,11.8125,11.287500381469727,11.529999732971193,11.592499732971193,13444000.0,8.031645774841309,NKE
2009-03-26,12.072500228881836,11.635000228881836,11.670000076293945,11.899999618530273,14117600.0,8.244694709777832,NKE
2009-03-27,11.912500381469727,11.645000457763672,11.854999542236328,11.710000038146973,7961600.0,8.113055229187013,NKE
2009-03-30,11.609999656677244,11.255000114440918,11.5,11.5649995803833,13288800.0,8.012594223022461,NKE
2009-03-31,11.90999984741211,11.449999809265135,11.6850004196167,11.72249984741211,17907600.0,8.121718406677246,NKE
2009-04-01,11.800000190734865,11.40999984741211,11.545000076293945,11.75,13006800.0,8.140771865844728,NKE
2009-04-02,12.835000038146973,11.90250015258789,11.90250015258789,12.6225004196167,23882000.0,8.745266914367676,NKE
2009-04-03,12.97249984741211,12.550000190734865,12.5649995803833,12.967499732971193,14375600.0,8.984293937683105,NKE
2009-04-06,12.875,12.614999771118164,12.81999969482422,12.817500114440918,11080000.0,8.880365371704102,NKE
2009-04-07,12.595000267028807,12.3774995803833,12.592499732971193,12.46500015258789,11580000.0,8.636144638061522,NKE
2009-04-08,12.654999732971193,12.362500190734865,12.489999771118164,12.5600004196167,13103200.0,8.701962471008299,NKE
2009-04-09,13.375,12.645000457763672,12.8125,13.317500114440918,18044400.0,9.226783752441406,NKE
2009-04-13,13.36750030517578,12.897500038146973,13.182499885559082,13.279999732971193,13202000.0,9.20080280303955,NKE
2009-04-14,13.149999618530273,12.545000076293945,13.149999618530273,12.850000381469727,16975600.0,8.902888298034668,NKE
2009-04-15,13.050000190734865,12.762499809265135,12.850000381469727,13.02750015258789,11099600.0,9.02586269378662,NKE
2009-04-16,13.522500038146973,12.982500076293945,13.050000190734865,13.442500114440918,11566000.0,9.313387870788574,NKE
2009-04-17,13.75,13.30500030517578,13.50749969482422,13.65250015258789,13864000.0,9.458882331848145,NKE
2009-04-20,13.470000267028807,13.005000114440918,13.470000267028807,13.09000015258789,9961200.0,9.06916332244873,NKE
2009-04-21,13.412500381469727,13.00749969482422,13.077500343322756,13.317500114440918,10292400.0,9.226783752441406,NKE
2009-04-22,13.9975004196167,13.0625,13.227499961853027,13.75,14134400.0,9.526434898376463,NKE
2009-04-23,13.857500076293945,13.3149995803833,13.75,13.59749984741211,12211600.0,9.420775413513184,NKE
2009-04-24,13.8100004196167,13.50749969482422,13.682499885559082,13.682499885559082,8396000.0,9.479668617248537,NKE
2009-04-27,13.81999969482422,13.392499923706055,13.5024995803833,13.532500267028807,9206400.0,9.375741004943848,NKE
2009-04-28,14.074999809265135,13.350000381469727,13.354999542236328,13.897500038146973,9880400.0,9.628628730773926,NKE
2009-04-29,13.9375,13.125,13.899999618530273,13.239999771118164,21858000.0,9.173089981079102,NKE
2009-04-30,13.755000114440918,13.045000076293945,13.385000228881836,13.11750030517578,19326400.0,9.088217735290527,NKE
2009-05-01,13.342499732971193,13.125,13.217499732971193,13.229999542236328,13902000.0,9.166160583496094,NKE
2009-05-04,13.817500114440918,13.217499732971193,13.227499961853027,13.817500114440918,14549600.0,9.573199272155762,NKE
2009-05-05,13.795000076293945,13.587499618530273,13.604999542236328,13.75,13247600.0,9.526434898376463,NKE
2009-05-06,13.94499969482422,13.5600004196167,13.862500190734865,13.65250015258789,14808400.0,9.458882331848145,NKE
2009-05-07,13.917499542236328,13.107500076293945,13.829999923706055,13.270000457763672,18546400.0,9.193875312805176,NKE
2009-05-08,13.71500015258789,13.0,13.4399995803833,13.604999542236328,11371600.0,9.425973892211914,NKE
2009-05-11,13.452500343322756,13.197500228881836,13.399999618530273,13.28499984741211,15055600.0,9.204265594482422,NKE
2009-05-12,13.212499618530273,12.5600004196167,13.125,12.744999885559082,24275200.0,8.830135345458984,NKE
2009-05-13,12.600000381469727,12.1899995803833,12.600000381469727,12.380000114440918,18298800.0,8.577256202697754,NKE
2009-05-14,12.842499732971193,12.350000381469727,12.350000381469727,12.737500190734865,16698000.0,8.824939727783203,NKE
2009-05-15,12.899999618530273,12.40999984741211,12.522500038146973,12.4375,14714800.0,8.617092132568361,NKE
2009-05-18,12.81999969482422,12.5,12.529999732971193,12.800000190734865,10860000.0,8.868245124816895,NKE
2009-05-19,13.149999618530273,12.63249969482422,12.875,13.010000228881836,14625600.0,9.0137357711792,NKE
2009-05-20,13.135000228881836,12.635000228881836,13.082500457763672,12.672499656677244,14862800.0,8.779906272888184,NKE
2009-05-21,12.857500076293945,12.517499923706055,12.59000015258789,12.837499618530273,15340800.0,8.894220352172852,NKE
2009-05-22,13.22249984741211,12.797499656677244,12.837499618530273,13.102499961853027,14839200.0,9.077824592590332,NKE
2009-05-26,13.642499923706055,12.99250030517578,12.99250030517578,13.542499542236328,16771200.0,9.382667541503906,NKE
2009-05-27,13.822500228881836,13.460000038146973,13.542499542236328,13.602499961853027,15127200.0,9.42424201965332,NKE
2009-05-28,13.84000015258789,13.40250015258789,13.612500190734865,13.77750015258789,15040400.0,9.545487403869627,NKE
2009-05-29,14.28499984741211,13.675000190734865,13.8149995803833,14.262499809265135,16568800.0,9.881508827209473,NKE
2009-06-01,14.987500190734865,14.390000343322756,14.46500015258789,14.8149995803833,17614400.0,10.264300346374512,NKE
2009-06-02,14.829999923706055,14.4375,14.7475004196167,14.457500457763672,18942400.0,10.016609191894533,NKE
2009-06-03,14.55500030517578,14.199999809265135,14.34749984741211,14.542499542236328,14018400.0,10.075502395629883,NKE
2009-06-04,14.53499984741211,14.157500267028807,14.53499984741211,14.385000228881836,13098000.0,10.140708923339844,NKE
2009-06-05,14.779999732971193,14.487500190734865,14.649999618530273,14.572500228881836,16451200.0,10.272887229919434,NKE
2009-06-08,14.654999732971193,14.317500114440918,14.529999732971193,14.5,10683200.0,10.221781730651855,NKE
2009-06-09,14.737500190734865,14.40999984741211,14.4975004196167,14.664999961853027,9716400.0,10.338096618652344,NKE
2009-06-10,14.765000343322756,14.0625,14.717499732971193,14.262499809265135,23840000.0,10.05435276031494,NKE
2009-06-11,14.47249984741211,14.142499923706055,14.289999961853027,14.154999732971193,15452000.0,9.978569984436037,NKE
2009-06-12,14.2475004196167,13.912500381469727,14.104999542236328,14.15250015258789,15486400.0,9.976807594299316,NKE
2009-06-15,14.11750030517578,13.852499961853027,14.09749984741211,13.984999656677244,12912800.0,9.858728408813477,NKE
2009-06-16,14.1875,13.78499984741211,13.987500190734865,13.832500457763672,9774000.0,9.751225471496582,NKE
2009-06-17,13.88249969482422,13.59749984741211,13.787500381469727,13.657500267028807,13586400.0,9.627859115600586,NKE
2009-06-18,14.357500076293945,13.675000190734865,13.800000190734865,14.074999809265135,17699600.0,9.922175407409668,NKE
2009-06-19,14.489999771118164,14.13249969482422,14.207500457763672,14.175000190734865,15353200.0,9.992671012878418,NKE
2009-06-22,14.050000190734865,13.77750015258789,14.050000190734865,13.8149995803833,12300000.0,9.738885879516602,NKE
2009-06-23,13.8149995803833,13.337499618530273,13.802499771118164,13.385000228881836,16074000.0,9.435758590698242,NKE
2009-06-24,13.59000015258789,13.1899995803833,13.487500190734865,13.255000114440918,20202000.0,9.344118118286133,NKE
2009-06-25,12.892499923706055,12.539999961853027,12.662500381469727,12.81999969482422,59606800.0,9.037461280822754,NKE
2009-06-26,12.842499732971193,12.6274995803833,12.6850004196167,12.710000038146973,21366800.0,8.959918975830078,NKE
2009-06-29,13.039999961853027,12.699999809265135,12.787500381469727,12.9375,13824800.0,9.120293617248537,NKE
2009-06-30,13.119999885559082,12.81999969482422,12.96500015258789,12.94499969482422,11700400.0,9.125579833984377,NKE
2009-07-01,13.2475004196167,12.837499618530273,13.03499984741211,13.104999542236328,12364800.0,9.238372802734377,NKE
2009-07-02,12.957500457763672,12.765000343322756,12.942500114440918,12.765000343322756,15326400.0,8.998687744140625,NKE
2009-07-06,13.074999809265135,12.6850004196167,12.6850004196167,12.977499961853027,14878800.0,9.148491859436037,NKE
2009-07-07,12.962499618530273,12.72249984741211,12.925000190734865,12.802499771118164,12185600.0,9.025126457214355,NKE
2009-07-08,12.927499771118164,12.6875,12.7475004196167,12.8774995803833,10413600.0,9.077996253967283,NKE
2009-07-09,12.96500015258789,12.692500114440918,12.96500015258789,12.765000343322756,8537600.0,8.998687744140625,NKE
2009-07-10,12.947500228881836,12.654999732971193,12.667499542236328,12.824999809265135,9436000.0,9.040987968444824,NKE
2009-07-13,12.977499961853027,12.702500343322756,12.864999771118164,12.885000228881836,12468800.0,9.083285331726074,NKE
2009-07-14,13.072500228881836,12.802499771118164,12.8725004196167,12.975000381469727,8017200.0,9.146727561950684,NKE
2009-07-15,13.2475004196167,12.829999923706055,13.087499618530273,13.232500076293945,15544400.0,9.328254699707033,NKE
2009-07-16,13.369999885559082,13.0,13.19499969482422,13.297499656677244,13356000.0,9.37407112121582,NKE
2009-07-17,13.287500381469727,12.994999885559082,13.287500381469727,13.109999656677244,13101200.0,9.241896629333496,NKE
2009-07-20,13.3100004196167,13.022500038146973,13.147500038146973,13.207500457763672,10645600.0,9.310632705688477,NKE
2009-07-21,13.359999656677244,12.920000076293945,13.357500076293945,13.017499923706055,11007200.0,9.17668914794922,NKE
2009-07-22,13.107500076293945,12.854999542236328,13.0,12.88249969482422,14300800.0,9.081522941589355,NKE
2009-07-23,13.020000457763672,12.75,12.875,12.78499984741211,21532800.0,9.012788772583008,NKE
2009-07-24,13.104999542236328,12.647500038146973,12.77750015258789,13.042499542236328,14730800.0,9.194314956665039,NKE
2009-07-27,13.100000381469727,12.90999984741211,13.052499771118164,13.092499732971193,6276400.0,9.229559898376463,NKE
2009-07-28,13.234999656677244,12.857500076293945,12.994999885559082,13.227499961853027,10552800.0,9.32473087310791,NKE
2009-07-29,13.625,13.09000015258789,13.125,13.592499732971193,21214800.0,9.582035064697266,NKE
2009-07-30,14.13249969482422,13.645000457763672,13.732500076293945,14.022500038146973,20059600.0,9.88516616821289,NKE
2009-07-31,14.442500114440918,13.890000343322756,13.917499542236328,14.15999984741211,21796800.0,9.982094764709473,NKE
2009-08-03,14.270000457763672,14.0600004196167,14.244999885559082,14.154999732971193,13509600.0,9.978569984436037,NKE
2009-08-04,14.392499923706055,14.037500381469727,14.114999771118164,14.385000228881836,14842800.0,10.140708923339844,NKE
2009-08-05,14.542499542236328,14.182499885559082,14.385000228881836,14.255000114440918,16333200.0,10.049065589904783,NKE
2009-08-06,14.449999809265135,14.204999923706055,14.3125,14.404999732971193,14561200.0,10.154809951782227,NKE
2009-08-07,14.567500114440918,14.282500267028807,14.489999771118164,14.517499923706055,11448000.0,10.23411464691162,NKE
2009-08-10,14.467499732971193,14.177499771118164,14.467499732971193,14.28499984741211,9543600.0,10.070216178894043,NKE
2009-08-11,14.272500038146973,14.005000114440918,14.229999542236328,14.197500228881836,7614400.0,10.008532524108887,NKE
2009-08-12,14.475000381469727,14.104999542236328,14.149999618530273,14.380000114440918,12197200.0,10.13718318939209,NKE
2009-08-13,14.457500457763672,14.244999885559082,14.345000267028807,14.452500343322756,8377600.0,10.188295364379883,NKE
2009-08-14,14.5,14.074999809265135,14.414999961853027,14.21500015258789,9124800.0,10.020867347717283,NKE
2009-08-17,14.114999771118164,13.792499542236328,14.017499923706055,13.859999656677244,10980800.0,9.770611763000488,NKE
2009-08-18,13.962499618530273,13.797499656677244,13.880000114440918,13.90250015258789,13312400.0,9.800570487976074,NKE
2009-08-19,14.229999542236328,13.772500038146973,13.772500038146973,14.192500114440918,11306000.0,10.005008697509766,NKE
2009-08-20,14.28499984741211,14.050000190734865,14.199999809265135,14.25,11903600.0,10.045538902282717,NKE
2009-08-21,14.125,13.8100004196167,13.9975004196167,13.912500381469727,22557200.0,9.807618141174316,NKE
2009-08-24,14.0625,13.890000343322756,13.925000190734865,14.0,15237600.0,9.869301795959473,NKE
2009-08-25,14.11750030517578,13.774999618530273,14.072500228881836,13.789999961853027,18324800.0,9.721263885498047,NKE
2009-08-26,14.0,13.732500076293945,13.81999969482422,13.862500190734865,13399200.0,9.77237606048584,NKE
2009-08-27,14.282500267028807,13.699999809265135,13.885000228881836,14.207500457763672,19081600.0,10.015583992004396,NKE
2009-08-28,14.345000267028807,13.952500343322756,14.262499809265135,14.045000076293945,8578000.0,9.901025772094727,NKE
2009-08-31,14.0,13.787500381469727,13.979999542236328,13.84749984741211,7354400.0,9.761801719665527,NKE
2009-09-01,13.880000114440918,13.52750015258789,13.725000381469727,13.59000015258789,20162000.0,9.58027172088623,NKE
2009-09-02,13.582500457763672,13.30500030517578,13.529999732971193,13.327500343322756,17540800.0,9.395227432250977,NKE
2009-09-03,13.475000381469727,13.327500343322756,13.3725004196167,13.432499885559082,14086000.0,9.65026569366455,NKE
2009-09-04,13.595000267028807,13.354999542236328,13.467499732971193,13.557499885559082,9705600.0,9.740066528320312,NKE
2009-09-08,13.8149995803833,13.552499771118164,13.657500267028807,13.8100004196167,11600800.0,9.92147159576416,NKE
2009-09-09,13.869999885559082,13.63249969482422,13.732500076293945,13.837499618530273,15984000.0,9.941229820251463,NKE
2009-09-10,13.949999809265135,13.717499732971193,13.837499618530273,13.854999542236328,18652800.0,9.953798294067383,NKE
2009-09-11,13.97249984741211,13.6899995803833,13.890000343322756,13.7475004196167,17368000.0,9.876568794250488,NKE
2009-09-14,13.80500030517578,13.380000114440918,13.619999885559082,13.727499961853027,14298800.0,9.86219882965088,NKE
2009-09-15,13.75,13.49250030517578,13.6899995803833,13.672499656677244,14818400.0,9.822686195373537,NKE
2009-09-16,14.362500190734865,13.602499961853027,13.6899995803833,14.295000076293945,24346400.0,10.269911766052246,NKE
2009-09-17,14.702500343322756,14.217499732971193,14.25,14.522500038146973,14762000.0,10.433347702026367,NKE
2009-09-18,14.720000267028807,14.487500190734865,14.5625,14.647500038146973,11525200.0,10.52315616607666,NKE
2009-09-21,14.842499732971193,14.414999961853027,14.512499809265135,14.637499809265135,9472400.0,10.515971183776855,NKE
2009-09-22,14.875,14.609999656677244,14.74250030517578,14.642499923706055,12374000.0,10.51956272125244,NKE
2009-09-23,14.8125,14.557499885559082,14.699999809265135,14.574999809265135,43572000.0,10.47106647491455,NKE
2009-09-24,14.6850004196167,14.457500457763672,14.577500343322756,14.542499542236328,26221200.0,10.447718620300293,NKE
2009-09-25,14.962499618530273,14.574999809265135,14.582500457763672,14.65999984741211,17494400.0,10.532134056091307,NKE
2009-09-28,14.827500343322756,14.614999771118164,14.682499885559082,14.75,10106400.0,10.596793174743652,NKE
2009-09-29,15.047499656677244,14.779999732971193,14.807499885559082,15.022500038146973,34763200.0,10.792562484741213,NKE
2009-09-30,16.237499237060547,16.002500534057614,16.002500534057614,16.174999237060547,67174800.0,11.620548248291016,NKE
2009-10-01,16.100000381469727,15.625,16.0,15.625,33036000.0,11.225415229797363,NKE
2009-10-02,15.59749984741211,15.270000457763672,15.38249969482422,15.505000114440918,22568000.0,11.139206886291504,NKE
2009-10-05,15.729999542236328,15.4375,15.470000267028807,15.69499969482422,11873200.0,11.27570629119873,NKE
2009-10-06,16.104999542236328,15.710000038146973,15.727499961853027,15.772500038146973,14605600.0,11.331385612487793,NKE
2009-10-07,15.93000030517578,15.699999809265135,15.734999656677244,15.854999542236328,8762400.0,11.390650749206545,NKE
2009-10-08,16.09000015258789,15.887499809265135,15.927499771118164,16.004999160766598,9364800.0,11.498416900634766,NKE
2009-10-09,16.047500610351562,15.75,16.030000686645508,15.897500038146973,8869600.0,11.421186447143555,NKE
2009-10-12,16.0,15.807499885559082,15.962499618530273,15.8125,6200000.0,11.360122680664062,NKE
2009-10-13,15.962499618530273,15.7524995803833,15.8149995803833,15.920000076293945,7062000.0,11.437349319458008,NKE
2009-10-14,16.307500839233402,15.977499961853027,16.020000457763672,16.225000381469727,14631600.0,11.656476974487305,NKE
2009-10-15,16.252500534057614,16.032499313354492,16.182500839233402,16.239999771118164,14647200.0,11.66724681854248,NKE
2009-10-16,16.299999237060547,16.065000534057614,16.084999084472653,16.274999618530273,14616800.0,11.692395210266113,NKE
2009-10-19,16.587499618530273,16.102500915527347,16.260000228881836,16.522499084472653,18513200.0,11.870203018188475,NKE
2009-10-20,16.447500228881836,16.162500381469727,16.382499694824222,16.272499084472653,13559600.0,11.690597534179688,NKE
2009-10-21,16.450000762939453,16.174999237060547,16.274999618530273,16.1875,13313200.0,11.629531860351562,NKE
2009-10-22,16.424999237060547,16.100000381469727,16.204999923706055,16.297500610351562,9990800.0,11.708558082580565,NKE
2009-10-23,16.290000915527347,15.887499809265135,16.262500762939453,16.042499542236328,12698000.0,11.525357246398926,NKE
2009-10-26,16.239999771118164,15.897500038146973,16.020000457763672,15.9375,11814000.0,11.449925422668455,NKE
2009-10-27,16.172500610351562,15.625,15.912500381469727,16.022499084472653,15711600.0,11.510993003845215,NKE
2009-10-28,16.065000534057614,15.56999969482422,15.907500267028807,15.642499923706055,14820400.0,11.237988471984863,NKE
2009-10-29,16.02750015258789,15.649999618530273,15.75,15.927499771118164,10848800.0,11.442739486694336,NKE
2009-10-30,15.947500228881836,15.505000114440918,15.837499618530273,15.545000076293945,14672000.0,11.167943954467773,NKE
2009-11-02,15.904999732971193,15.457500457763672,15.585000038146973,15.625,11526400.0,11.225415229797363,NKE
2009-11-03,15.762499809265135,15.449999809265135,15.5625,15.664999961853027,10989200.0,11.254152297973633,NKE
2009-11-04,15.949999809265135,15.49250030517578,15.704999923706055,15.682499885559082,8674800.0,11.2667236328125,NKE
2009-11-05,16.197500228881836,15.767499923706055,15.8725004196167,16.190000534057614,10578000.0,11.631327629089355,NKE
2009-11-06,16.204999923706055,15.970000267028807,16.162500381469727,16.139999389648438,7635200.0,11.59540557861328,NKE
2009-11-09,16.332500457763672,16.09000015258789,16.125,16.329999923706055,9146800.0,11.731907844543455,NKE
2009-11-10,16.422500610351562,16.0,16.334999084472653,16.117500305175778,9898000.0,11.579240798950195,NKE
2009-11-11,16.392499923706055,16.142499923706055,16.15250015258789,16.232500076293945,6680400.0,11.661859512329102,NKE
2009-11-12,16.34749984741211,15.952500343322756,16.235000610351562,16.022499084472653,6617200.0,11.510993003845215,NKE
2009-11-13,16.239999771118164,15.93000030517578,16.067499160766598,16.104999542236328,7310800.0,11.570262908935547,NKE
2009-11-16,16.584999084472653,16.129999160766598,16.165000915527347,16.524999618530273,10380000.0,11.871999740600586,NKE
2009-11-17,16.5,16.107500076293945,16.47249984741211,16.239999771118164,7854000.0,11.66724681854248,NKE
2009-11-18,16.197500228881836,15.947500228881836,16.197500228881836,16.104999542236328,8098000.0,11.570262908935547,NKE
2009-11-19,16.075000762939453,15.720000267028807,15.982500076293945,15.890000343322756,9852800.0,11.41579818725586,NKE
2009-11-20,16.020000457763672,15.675000190734865,15.835000038146973,15.979999542236328,12614400.0,11.480456352233887,NKE
2009-11-23,16.382499694824222,16.010000228881836,16.204999923706055,16.122499465942386,9432000.0,11.582831382751465,NKE
2009-11-24,16.274999618530273,16.079999923706055,16.170000076293945,16.129999160766598,6448800.0,11.58822250366211,NKE
2009-11-25,16.467500686645508,16.132499694824222,16.132499694824222,16.424999237060547,7986000.0,11.800156593322756,NKE
2009-11-27,16.360000610351562,16.0,16.129999160766598,16.262500762939453,4698800.0,11.683414459228516,NKE
2009-11-30,16.385000228881836,16.09749984741211,16.200000762939453,16.22249984741211,9260800.0,11.65467643737793,NKE
2009-12-01,16.522499084472653,16.184999465942386,16.317499160766598,16.350000381469727,7950400.0,11.74627685546875,NKE
2009-12-02,16.532499313354492,16.132499694824222,16.132499694824222,16.337499618530273,5936800.0,11.737292289733887,NKE
2009-12-03,16.397499084472653,16.135000228881836,16.315000534057614,16.167499542236328,11034800.0,11.810343742370605,NKE
2009-12-04,16.462499618530273,15.954999923706055,16.319999694824222,16.075000762939453,10180000.0,11.742773056030273,NKE
2009-12-07,16.247499465942386,16.075000762939453,16.075000762939453,16.135000228881836,8948000.0,11.786602020263672,NKE
2009-12-08,16.09749984741211,15.845000267028807,16.0,15.88249969482422,14510800.0,11.602152824401855,NKE
2009-12-09,15.8774995803833,15.4375,15.8774995803833,15.487500190734865,23438000.0,11.313607215881348,NKE
2009-12-10,15.850000381469727,15.550000190734865,15.550000190734865,15.675000190734865,11972400.0,11.450573921203613,NKE
2009-12-11,16.047500610351562,15.772500038146973,15.789999961853027,15.96500015258789,10860000.0,11.662420272827148,NKE
2009-12-14,16.079999923706055,15.779999732971193,16.002500534057614,16.040000915527347,9257600.0,11.717206954956055,NKE
2009-12-15,16.272499084472653,15.904999732971193,15.982500076293945,16.087499618530273,9604800.0,11.751904487609865,NKE
2009-12-16,16.170000076293945,15.907500267028807,16.170000076293945,16.012500762939453,7639600.0,11.69711685180664,NKE
2009-12-17,16.012500762939453,15.767499923706055,15.892499923706055,15.8125,11679600.0,11.551017761230467,NKE
2009-12-18,16.337499618530273,16.012500762939453,16.100000381469727,16.104999542236328,20323200.0,11.764693260192873,NKE
2009-12-21,16.317499160766598,16.112499237060547,16.129999160766598,16.219999313354492,7399200.0,11.84869384765625,NKE
2009-12-22,16.332500457763672,16.045000076293945,16.219999313354492,16.274999618530273,8238800.0,11.888875007629395,NKE
2009-12-23,16.382499694824222,16.22249984741211,16.267499923706055,16.360000610351562,6148400.0,11.950967788696287,NKE
2009-12-24,16.389999389648438,16.25,16.360000610351562,16.3125,2302000.0,11.916267395019533,NKE
2009-12-28,16.387500762939453,16.194999694824222,16.3125,16.375,5648000.0,11.96192741394043,NKE
2009-12-29,16.607500076293945,16.305000305175778,16.375,16.552499771118164,8083200.0,12.091588020324707,NKE
2009-12-30,16.559999465942386,16.427499771118164,16.462499618530273,16.53499984741211,6932000.0,12.078805923461914,NKE
2009-12-31,16.655000686645508,16.512500762939453,16.552499771118164,16.517499923706055,6347600.0,12.06602382659912,NKE
2010-01-04,16.517499923706055,16.280000686645508,16.514999389648438,16.337499618530273,11972400.0,11.934528350830078,NKE
2010-01-05,16.447500228881836,16.174999237060547,16.28499984741211,16.40250015258789,6275200.0,11.982011795043945,NKE
2010-01-06,16.422500610351562,16.235000610351562,16.350000381469727,16.302499771118164,13399200.0,11.90896224975586,NKE
2010-01-07,16.5,16.262500762939453,16.280000686645508,16.462499618530273,7187600.0,12.025842666625975,NKE
2010-01-08,16.462499618530273,16.235000610351562,16.447500228881836,16.430000305175778,7249600.0,12.00210189819336,NKE
2010-01-11,16.482500076293945,16.162500381469727,16.479999542236328,16.227500915527347,10678000.0,11.854175567626953,NKE
2010-01-12,16.274999618530273,16.069999694824222,16.149999618530273,16.204999923706055,11485600.0,11.837738990783693,NKE
2010-01-13,16.417499542236328,16.194999694824222,16.27750015258789,16.350000381469727,5648800.0,11.943660736083984,NKE
2010-01-14,16.457500457763672,16.1875,16.372499465942386,16.247499465942386,7311600.0,11.86878490447998,NKE
2010-01-15,16.252500534057614,15.987500190734865,16.194999694824222,16.09749984741211,11293200.0,11.7592134475708,NKE
2010-01-19,16.200000762939453,15.989999771118164,16.049999237060547,16.177499771118164,7453200.0,11.817651748657227,NKE
2010-01-20,16.102500915527347,15.892499923706055,16.052499771118164,16.045000076293945,8008400.0,11.720858573913574,NKE
2010-01-21,16.084999084472653,15.75749969482422,16.077499389648438,15.90999984741211,13983200.0,11.62224292755127,NKE
2010-01-22,16.059999465942386,15.737500190734865,15.8774995803833,15.744999885559082,13320000.0,11.501709938049315,NKE
2010-01-25,16.010000228881836,15.827500343322756,15.842499732971193,15.917499542236328,10749600.0,11.62772274017334,NKE
2010-01-26,16.02750015258789,15.762499809265135,15.832500457763672,15.9350004196167,6711200.0,11.64050579071045,NKE
2010-01-27,16.042499542236328,15.8125,15.917499542236328,16.0,13560400.0,11.687987327575685,NKE
2010-01-28,16.25,15.842499732971193,16.0625,15.880000114440918,7158000.0,11.600326538085938,NKE
2010-01-29,16.162500381469727,15.887499809265135,15.90999984741211,15.9375,10402400.0,11.64233112335205,NKE
2010-02-01,16.112499237060547,15.8774995803833,15.99250030517578,16.024999618530273,6407600.0,11.70624542236328,NKE
2010-02-02,16.072500228881836,15.90250015258789,16.072500228881836,15.982500076293945,9539200.0,11.675206184387207,NKE
2010-02-03,16.024999618530273,15.829999923706055,15.922499656677244,16.0,7889200.0,11.687987327575685,NKE
2010-02-04,15.9375,15.512499809265135,15.88249969482422,15.522500038146973,17924800.0,11.339171409606935,NKE
2010-02-05,15.557499885559082,15.22249984741211,15.505000114440918,15.425000190734865,13110800.0,11.267951965332033,NKE
2010-02-08,15.529999732971193,15.307499885559082,15.404999732971193,15.324999809265135,8177200.0,11.194897651672363,NKE
2010-02-09,15.774999618530273,15.417499542236328,15.44499969482422,15.6274995803833,9438000.0,11.415878295898438,NKE
2010-02-10,15.737500190734865,15.5625,15.6274995803833,15.65999984741211,7698400.0,11.439614295959473,NKE
2010-02-11,15.792499542236328,15.529999732971193,15.607500076293945,15.737500190734865,7010000.0,11.496231079101562,NKE
2010-02-12,15.637499809265135,15.43000030517578,15.630000114440918,15.6225004196167,11152000.0,11.412222862243652,NKE
2010-02-16,15.912500381469727,15.582500457763672,15.704999923706055,15.912500381469727,9628000.0,11.624068260192873,NKE
2010-02-17,16.172500610351562,15.904999732971193,15.967499732971193,16.120000839233402,10640400.0,11.77564811706543,NKE
2010-02-18,16.147499084472653,15.977499961853027,16.122499465942386,16.110000610351562,6468000.0,11.768343925476074,NKE
2010-02-19,16.149999618530273,16.002500534057614,16.03499984741211,16.087499618530273,9498000.0,11.751904487609865,NKE
2010-02-22,16.192499160766598,16.007499694824222,16.142499923706055,16.077499389648438,6864800.0,11.74460220336914,NKE
2010-02-23,16.137500762939453,15.90250015258789,16.075000762939453,16.032499313354492,7738800.0,11.7117280960083,NKE
2010-02-24,16.254999160766598,16.0,16.0,16.232500076293945,11618000.0,11.857827186584473,NKE
2010-02-25,16.569999694824222,16.002500534057614,16.252500534057614,16.540000915527347,15967600.0,12.082456588745115,NKE
2010-02-26,16.962499618530273,16.557500839233402,16.557500839233402,16.899999618530273,19633200.0,12.345436096191404,NKE
2010-03-01,17.177499771118164,16.90250015258789,16.977500915527347,17.059999465942386,10674000.0,12.46231746673584,NKE
2010-03-02,17.082500457763672,16.920000076293945,17.014999389648438,17.007499694824222,9844800.0,12.423961639404295,NKE
2010-03-03,16.992500305175778,16.815000534057614,16.924999237060547,16.90999984741211,8670400.0,12.352739334106445,NKE
2010-03-04,17.014999389648438,16.860000610351562,17.004999160766598,16.907499313354492,6306400.0,12.55132007598877,NKE
2010-03-05,17.127500534057614,16.957500457763672,16.957500457763672,17.079999923706055,7460000.0,12.679372787475586,NKE
2010-03-08,17.239999771118164,16.992500305175778,16.992500305175778,17.204999923706055,7084000.0,12.772170066833494,NKE
2010-03-09,17.295000076293945,17.132499694824222,17.190000534057614,17.232500076293945,6042400.0,12.792583465576172,NKE
2010-03-10,17.3125,17.102500915527347,17.227500915527347,17.280000686645508,5592800.0,12.827845573425293,NKE
2010-03-11,17.462499618530273,17.177499771118164,17.274999618530273,17.4375,6960000.0,12.944769859313965,NKE
2010-03-12,17.497499465942386,17.352500915527347,17.354999542236328,17.475000381469727,7208400.0,12.972601890563965,NKE
2010-03-15,17.6825008392334,17.430000305175778,17.4375,17.59749984741211,9514000.0,13.063544273376465,NKE
2010-03-16,17.762500762939453,17.524999618530273,17.582500457763672,17.594999313354492,10107200.0,13.061691284179688,NKE
2010-03-17,17.832500457763672,17.569999694824222,17.59749984741211,17.719999313354492,14751600.0,13.154480934143065,NKE
2010-03-18,18.837499618530273,18.325000762939453,18.337499618530273,18.665000915527344,43696000.0,13.856005668640135,NKE
2010-03-19,18.57999992370605,18.280000686645508,18.565000534057614,18.3799991607666,18789600.0,13.644430160522461,NKE
2010-03-22,18.540000915527344,18.20499992370605,18.22249984741211,18.46999931335449,11696000.0,13.711246490478516,NKE
2010-03-23,18.647499084472656,18.49250030517578,18.600000381469727,18.622499465942386,8986000.0,13.824450492858887,NKE
2010-03-24,18.59749984741211,18.252500534057614,18.587499618530273,18.34499931335449,11069200.0,13.618450164794922,NKE
2010-03-25,18.69499969482422,18.38249969482422,18.542499542236328,18.39249992370605,11321600.0,13.653716087341307,NKE
2010-03-26,18.6875,18.342500686645508,18.450000762939453,18.47249984741211,8661600.0,13.713105201721193,NKE
2010-03-29,18.582500457763672,18.395000457763672,18.540000915527344,18.49250030517578,6522400.0,13.727947235107422,NKE
2010-03-30,18.600000381469727,18.387500762939453,18.502500534057614,18.45249938964844,6461200.0,13.698248863220215,NKE
2010-03-31,18.524999618530273,18.31999969482422,18.372499465942386,18.375,7916000.0,13.640721321105955,NKE
2010-04-01,18.59749984741211,18.4375,18.489999771118164,18.502500534057614,8376400.0,13.735369682312012,NKE
2010-04-05,18.70499992370605,18.405000686645508,18.54750061035156,18.52750015258789,7081600.0,13.753931999206545,NKE
2010-04-06,18.537500381469727,18.375,18.38500022888184,18.477500915527344,8428000.0,13.716814041137695,NKE
2010-04-07,18.54750061035156,18.325000762939453,18.49250030517578,18.397499084472656,8851200.0,13.657424926757812,NKE
2010-04-08,18.56999969482422,18.26499938964844,18.364999771118164,18.497499465942386,10410400.0,13.731659889221193,NKE
2010-04-09,18.81999969482422,18.412500381469727,18.545000076293945,18.795000076293945,12502000.0,13.952507019042967,NKE
2010-04-12,18.987499237060547,18.799999237060547,18.82250022888184,18.88249969482422,8867200.0,14.017465591430664,NKE
2010-04-13,18.982500076293945,18.6875,18.857500076293945,18.877500534057614,7025200.0,14.013757705688475,NKE
2010-04-14,18.96500015258789,18.75,18.90250015258789,18.950000762939453,6804400.0,14.067571640014648,NKE
2010-04-15,18.95499992370605,18.74250030517578,18.89249992370605,18.90999984741211,7014400.0,14.037878036499025,NKE
2010-04-16,19.0,18.7450008392334,18.897499084472656,18.792499542236328,13739200.0,13.950651168823242,NKE
2010-04-19,18.950000762939453,18.5625,18.737499237060547,18.895000457763672,8790400.0,14.026745796203613,NKE
2010-04-20,19.145000457763672,18.975000381469727,19.0049991607666,19.09000015258789,9584400.0,14.171499252319336,NKE
2010-04-21,19.28499984741211,19.042499542236328,19.100000381469727,19.18000030517578,10800800.0,14.238314628601074,NKE
2010-04-22,19.63249969482422,19.052499771118164,19.07250022888184,19.5575008392334,13848800.0,14.51855754852295,NKE
2010-04-23,19.61000061035156,19.325000762939453,19.45499992370605,19.475000381469727,10151200.0,14.45730972290039,NKE
2010-04-26,19.61750030517578,19.44499969482422,19.477500915527344,19.5049991607666,6050400.0,14.47957992553711,NKE
2010-04-27,19.622499465942386,19.15250015258789,19.417499542236328,19.184999465942386,11016800.0,14.242025375366213,NKE
2010-04-28,19.50749969482422,19.03499984741211,19.23500061035156,19.11000061035156,10812000.0,14.186355590820312,NKE
2010-04-29,19.42250061035156,19.18000030517578,19.274999618530273,19.39249992370605,9083600.0,14.39606475830078,NKE
2010-04-30,19.46999931335449,18.97249984741211,19.362499237060547,18.977500915527344,9869600.0,14.087992668151855,NKE
2010-05-03,19.59749984741211,18.977500915527344,19.002500534057614,19.4424991607666,8428400.0,14.433184623718262,NKE
2010-05-04,19.637500762939453,19.274999618530273,19.5049991607666,19.337499618530273,14530400.0,14.35523796081543,NKE
2010-05-05,19.325000762939453,18.674999237060547,19.217500686645508,18.802499771118164,17310400.0,13.95808219909668,NKE
2010-05-06,18.997499465942386,16.747499465942386,18.637500762939453,18.075000762939453,26330000.0,13.418017387390135,NKE
2010-05-07,18.11000061035156,17.444999694824222,17.837499618530273,17.65250015258789,21502400.0,13.104372024536133,NKE
2010-05-10,19.1924991607666,18.434999465942386,18.47249984741211,19.162500381469727,26477600.0,14.225326538085938,NKE
2010-05-11,19.26749992370605,18.940000534057614,18.950000762939453,19.107500076293945,13755200.0,14.18449592590332,NKE
2010-05-12,19.4950008392334,19.002500534057614,19.177499771118164,19.462499618530273,9956000.0,14.448025703430176,NKE
2010-05-13,19.497499465942386,18.837499618530273,19.412500381469727,18.887500762939453,20976800.0,14.021180152893065,NKE
2010-05-14,18.75,18.295000076293945,18.65749931335449,18.434999465942386,19014000.0,13.685264587402346,NKE
2010-05-17,18.462499618530273,18.00749969482422,18.4325008392334,18.40749931335449,16944400.0,13.664851188659668,NKE
2010-05-18,18.752500534057614,18.174999237060547,18.540000915527344,18.232500076293945,18855600.0,13.534934997558596,NKE
2010-05-19,18.18000030517578,17.75,18.13500022888184,18.0625,23478800.0,13.408737182617188,NKE
2010-05-20,17.897499084472656,17.392499923706055,17.63249969482422,17.577499389648438,25056400.0,13.048700332641602,NKE
2010-05-21,17.94499969482422,17.03499984741211,17.28499984741211,17.84749984741211,17064000.0,13.249136924743652,NKE
2010-05-24,17.977500915527344,17.677499771118164,17.792499542236328,17.834999084472656,22684400.0,13.23985195159912,NKE
2010-05-25,18.25,17.317499160766598,17.522499084472653,18.227500915527344,21164000.0,13.53122615814209,NKE
2010-05-26,18.405000686645508,17.979999542236328,18.3799991607666,18.1299991607666,16727200.0,13.45884609222412,NKE
2010-05-27,18.489999771118164,18.190000534057614,18.31999969482422,18.475000381469727,14743600.0,13.71495532989502,NKE
2010-05-28,18.46500015258789,17.989999771118164,18.405000686645508,18.09499931335449,15556800.0,13.432862281799315,NKE
2010-06-01,18.155000686645508,17.674999237060547,17.860000610351562,17.795000076293945,14684000.0,13.210158348083494,NKE
2010-06-02,18.26499938964844,17.827499389648438,17.827499389648438,18.25,12660800.0,13.54792594909668,NKE
2010-06-03,18.46500015258789,18.23500061035156,18.299999237060547,18.40749931335449,11356800.0,13.870051383972168,NKE
2010-06-04,18.11750030517578,17.540000915527347,18.09000015258789,17.6924991607666,15403600.0,13.331296920776367,NKE
2010-06-07,17.7549991607666,17.370000839233402,17.635000228881836,17.397499084472653,11056400.0,13.109012603759766,NKE
2010-06-08,17.607500076293945,17.162500381469727,17.397499084472653,17.565000534057614,12263200.0,13.235223770141602,NKE
2010-06-09,17.832500457763672,17.417499542236328,17.6299991607666,17.502500534057614,12914000.0,13.18813419342041,NKE
2010-06-10,18.137500762939453,17.78499984741211,17.797500610351562,17.9375,11831200.0,13.51590633392334,NKE
2010-06-11,18.15999984741211,17.75749969482422,17.822500228881836,18.082500457763672,8808400.0,13.625162124633787,NKE
2010-06-14,18.237499237060547,17.977500915527344,18.122499465942386,18.05500030517578,8746400.0,13.604436874389648,NKE
2010-06-15,18.4950008392334,18.07250022888184,18.07250022888184,18.4950008392334,8697600.0,13.935980796813965,NKE
2010-06-16,18.625,18.270000457763672,18.342500686645508,18.457500457763672,12700400.0,13.907726287841795,NKE
2010-06-17,18.674999237060547,18.40749931335449,18.604999542236328,18.64249992370605,11802400.0,14.047124862670898,NKE
2010-06-18,18.8075008392334,18.61750030517578,18.700000762939453,18.73500061035156,11196400.0,14.1168212890625,NKE
2010-06-21,18.979999542236328,18.45499992370605,18.872499465942386,18.587499618530273,11192000.0,14.005681037902832,NKE
2010-06-22,18.75,18.042499542236328,18.61000061035156,18.114999771118164,10388000.0,13.649653434753418,NKE
2010-06-23,18.295000076293945,17.875,18.165000915527344,18.1299991607666,11658800.0,13.660953521728516,NKE
2010-06-24,17.667499542236328,17.299999237060547,17.502500534057614,17.407499313354492,36104000.0,13.116549491882324,NKE
2010-06-25,17.61750030517578,17.225000381469727,17.46500015258789,17.530000686645508,18090000.0,13.208855628967285,NKE
2010-06-28,17.717500686645508,17.407499313354492,17.625,17.625,12720400.0,13.280434608459473,NKE
2010-06-29,17.417499542236328,16.860000610351562,17.407499313354492,17.042499542236328,23320800.0,12.841522216796875,NKE
2010-06-30,17.28499984741211,16.825000762939453,16.985000610351562,16.887500762939453,18551200.0,12.7247314453125,NKE
2010-07-01,17.125,16.692499160766598,16.97249984741211,17.017499923706055,20482400.0,12.822683334350586,NKE
2010-07-02,17.235000610351562,16.857500076293945,17.047500610351562,16.96500015258789,11626800.0,12.783126831054688,NKE
2010-07-06,17.292499542236328,16.584999084472653,17.052499771118164,16.802499771118164,16874800.0,12.66068172454834,NKE
2010-07-07,17.147499084472653,16.752500534057614,16.867500305175778,17.139999389648438,17171600.0,12.914986610412598,NKE
2010-07-08,17.6200008392334,17.254999160766598,17.307500839233402,17.569999694824222,17801600.0,13.238995552062988,NKE
2010-07-09,17.552499771118164,17.379999160766598,17.540000915527347,17.537500381469727,10962400.0,13.214505195617676,NKE
2010-07-12,17.61750030517578,17.319999694824222,17.492500305175778,17.452499389648438,8889600.0,13.15045928955078,NKE
2010-07-13,17.729999542236328,17.504999160766598,17.600000381469727,17.61750030517578,12129600.0,13.274786949157715,NKE
2010-07-14,17.649999618530273,17.367500305175778,17.540000915527347,17.635000228881836,11656000.0,13.287968635559082,NKE
2010-07-15,17.700000762939453,17.337499618530273,17.584999084472653,17.662500381469727,14103200.0,13.30869197845459,NKE
2010-07-16,17.665000915527344,17.172500610351562,17.587499618530273,17.239999771118164,13703600.0,12.990338325500488,NKE
2010-07-19,17.367500305175778,17.047500610351562,17.28499984741211,17.15250015258789,9580000.0,12.924405097961426,NKE
2010-07-20,17.5,16.905000686645508,16.975000381469727,17.459999084472653,14804000.0,13.156105995178224,NKE
2010-07-21,17.767499923706055,17.327499389648438,17.532499313354492,17.412500381469727,15788800.0,13.120319366455078,NKE
2010-07-22,18.030000686645508,17.59000015258789,17.59749984741211,17.889999389648438,13528000.0,13.480111122131348,NKE
2010-07-23,18.290000915527344,17.790000915527344,17.875,18.184999465942386,11518800.0,13.702397346496582,NKE
2010-07-26,18.487499237060547,18.1200008392334,18.177499771118164,18.30500030517578,10491600.0,13.79281520843506,NKE
2010-07-27,18.462499618530273,18.209999084472656,18.424999237060547,18.420000076293945,10412400.0,13.87946605682373,NKE
2010-07-28,18.5049991607666,18.217500686645508,18.40999984741211,18.27750015258789,8456400.0,13.772095680236815,NKE
2010-07-29,18.52750015258789,18.170000076293945,18.412500381469727,18.38249969482422,9664400.0,13.85120677947998,NKE
2010-07-30,18.487499237060547,18.15999984741211,18.252500534057614,18.40999984741211,8702800.0,13.871933937072756,NKE
2010-08-02,18.74250030517578,18.48500061035156,18.59749984741211,18.57999992370605,10268000.0,14.000027656555176,NKE
2010-08-03,18.549999237060547,18.212499618530273,18.549999237060547,18.274999618530273,12723600.0,13.770212173461914,NKE
2010-08-04,18.592500686645508,18.28249931335449,18.295000076293945,18.5,12157600.0,13.939745903015135,NKE
2010-08-05,18.59000015258789,18.325000762939453,18.362499237060547,18.51499938964844,8065600.0,13.951050758361815,NKE
2010-08-06,18.522499084472656,18.19499969482422,18.354999542236328,18.489999771118164,7698800.0,13.932207107543945,NKE
2010-08-09,18.75,18.46999931335449,18.53499984741211,18.530000686645508,7893600.0,13.962347984313965,NKE
2010-08-10,18.59749984741211,18.200000762939453,18.354999542236328,18.477500915527344,9386400.0,13.922795295715332,NKE
2010-08-11,18.19499969482422,17.8700008392334,18.1924991607666,18.020000457763672,12152000.0,13.578068733215332,NKE
2010-08-12,17.947500228881836,17.674999237060547,17.747499465942386,17.8799991607666,9752000.0,13.472572326660154,NKE
2010-08-13,17.8700008392334,17.6200008392334,17.852500915527344,17.645000457763672,8794400.0,13.29550838470459,NKE
2010-08-16,17.86750030517578,17.442499160766598,17.52750015258789,17.764999389648438,9525600.0,13.38592529296875,NKE
2010-08-17,18.177499771118164,17.86750030517578,17.9375,17.927499771118164,10123600.0,13.508370399475098,NKE
2010-08-18,18.177499771118164,17.735000610351562,17.922500610351562,18.059999465942386,8782800.0,13.60820770263672,NKE
2010-08-19,18.002500534057614,17.639999389648438,17.952499389648438,17.834999084472656,9880800.0,13.438671112060547,NKE
2010-08-20,17.852500915527344,17.622499465942386,17.6825008392334,17.815000534057614,7151600.0,13.423601150512695,NKE
2010-08-23,18.09749984741211,17.737499237060547,17.907499313354492,17.737499237060547,7856000.0,13.365199089050293,NKE
2010-08-24,17.6825008392334,17.352500915527347,17.507499694824222,17.512500762939453,10616000.0,13.19566822052002,NKE
2010-08-25,17.59000015258789,17.079999923706055,17.362499237060547,17.532499313354492,12604400.0,13.210735321044922,NKE
2010-08-26,17.93000030517578,17.584999084472653,17.662500381469727,17.59749984741211,13606400.0,13.259716987609865,NKE
2010-08-27,17.790000915527344,17.424999237060547,17.6825008392334,17.735000610351562,10624800.0,13.363320350646973,NKE
2010-08-30,17.850000381469727,17.489999771118164,17.68000030517578,17.59000015258789,10087600.0,13.254061698913574,NKE
2010-08-31,17.690000534057614,17.395000457763672,17.502500534057614,17.5,11941600.0,13.186246871948242,NKE
2010-09-01,18.05500030517578,17.704999923706055,17.782499313354492,18.03249931335449,13737200.0,13.587489128112793,NKE
2010-09-02,18.26749992370605,17.9424991607666,18.020000457763672,18.239999771118164,9632000.0,13.952753067016602,NKE
2010-09-03,18.61000061035156,18.3125,18.434999465942386,18.5625,12278000.0,14.199450492858887,NKE
2010-09-07,18.61750030517578,18.4375,18.44499969482422,18.5049991607666,8101200.0,14.155465126037598,NKE
2010-09-08,18.677499771118164,18.475000381469727,18.559999465942386,18.53499984741211,9198000.0,14.178414344787598,NKE
2010-09-09,18.7549991607666,18.399999618530273,18.707500457763672,18.479999542236328,7006800.0,14.136340141296387,NKE
2010-09-10,18.712499618530273,18.417499542236328,18.537500381469727,18.4375,8159200.0,14.103829383850098,NKE
2010-09-13,18.81999969482422,18.59499931335449,18.602500915527344,18.670000076293945,9858400.0,14.281683921813965,NKE
2010-09-14,18.96999931335449,18.592500686645508,18.61750030517578,18.8174991607666,9995200.0,14.394510269165039,NKE
2010-09-15,19.177499771118164,18.732500076293945,18.787500381469727,19.13999938964844,15811600.0,14.641217231750488,NKE
2010-09-16,19.217500686645508,18.979999542236328,19.075000762939453,19.15999984741211,8692800.0,14.656508445739744,NKE
2010-09-17,19.38500022888184,19.1200008392334,19.232500076293945,19.315000534057614,12146400.0,14.775071144104006,NKE
2010-09-20,19.76000022888184,19.32250022888184,19.325000762939453,19.592500686645508,15101600.0,14.987350463867188,NKE
2010-09-21,19.51749992370605,19.30500030517578,19.482500076293945,19.42250061035156,13273600.0,14.857307434082033,NKE
2010-09-22,19.497499465942386,19.174999237060547,19.36750030517578,19.32749938964844,10488800.0,14.784638404846193,NKE
2010-09-23,19.530000686645508,19.147499084472656,19.225000381469727,19.417499542236328,17721600.0,14.85348415374756,NKE
2010-09-24,20.424999237060547,19.8700008392334,20.337499618530273,19.89249992370605,33384400.0,15.216840744018555,NKE
2010-09-27,19.875,19.537500381469727,19.854999542236328,19.77750015258789,18776000.0,15.128870010375975,NKE
2010-09-28,20.20499992370605,19.64249992370605,19.76749992370605,20.15999984741211,21709600.0,15.42145824432373,NKE
2010-09-29,20.102500915527344,19.8075008392334,20.0674991607666,19.982500076293945,14574000.0,15.285685539245605,NKE
2010-09-30,20.200000762939453,19.877500534057614,20.002500534057614,20.03499984741211,13493200.0,15.32584285736084,NKE
2010-10-01,20.239999771118164,19.957500457763672,20.239999771118164,20.0625,14170000.0,15.346879959106445,NKE
2010-10-04,20.065000534057614,19.76000022888184,19.979999542236328,19.96999931335449,10353200.0,15.276122093200685,NKE
2010-10-05,20.36750030517578,20.0674991607666,20.149999618530273,20.325000762939453,13471200.0,15.547677993774414,NKE
2010-10-06,20.32749938964844,20.20499992370605,20.25749969482422,20.32749938964844,9634400.0,15.549589157104492,NKE
2010-10-07,20.32999992370605,20.07749938964844,20.3174991607666,20.247499465942386,12183600.0,15.488390922546387,NKE
2010-10-08,20.649999618530273,20.225000381469727,20.23500061035156,20.51000022888184,19038400.0,15.689194679260256,NKE
2010-10-11,20.575000762939453,20.375,20.405000686645508,20.4950008392334,9902800.0,15.677727699279785,NKE
2010-10-12,20.850000381469727,20.450000762939453,20.75,20.47249984741211,22497200.0,15.660505294799805,NKE
2010-10-13,20.6875,20.375,20.59499931335449,20.5049991607666,10490800.0,15.685368537902832,NKE
2010-10-14,20.5674991607666,20.334999084472656,20.43000030517578,20.4424991607666,9410000.0,15.637564659118652,NKE
2010-10-15,20.614999771118164,20.405000686645508,20.565000534057614,20.5,8276800.0,15.68154239654541,NKE
2010-10-18,20.530000686645508,20.375,20.5,20.415000915527344,6297600.0,15.61652946472168,NKE
2010-10-19,20.387500762939453,20.020000457763672,20.114999771118164,20.1825008392334,10816400.0,15.438674926757812,NKE
2010-10-20,20.417499542236328,20.212499618530273,20.26000022888184,20.309999465942386,7533200.0,15.536206245422365,NKE
2010-10-21,20.709999084472656,20.372499465942386,20.405000686645508,20.52750015258789,11593200.0,15.702585220336914,NKE
2010-10-22,20.63249969482422,20.427499771118164,20.52750015258789,20.479999542236328,4240400.0,15.66624927520752,NKE
2010-10-25,20.75749969482422,20.502500534057614,20.64249992370605,20.512500762939453,8882800.0,15.691104888916016,NKE
2010-10-26,20.55500030517578,20.315000534057614,20.40999984741211,20.45499992370605,10289600.0,15.647135734558105,NKE
2010-10-27,20.337499618530273,20.0674991607666,20.309999465942386,20.25749969482422,8974000.0,15.496052742004395,NKE
2010-10-28,20.424999237060547,20.14249992370605,20.32749938964844,20.27750015258789,6505600.0,15.511348724365234,NKE
2010-10-29,20.372499465942386,20.162500381469727,20.23500061035156,20.36000061035156,8051600.0,15.574456214904785,NKE
2010-11-01,20.5,20.147499084472656,20.46999931335449,20.274999618530273,7583200.0,15.509427070617676,NKE
2010-11-02,20.559999465942386,20.377500534057614,20.450000762939453,20.4375,7117600.0,15.63373851776123,NKE
2010-11-03,20.542499542236328,20.239999771118164,20.4325008392334,20.457500457763672,7029200.0,15.649036407470705,NKE
2010-11-04,20.872499465942386,20.600000381469727,20.68000030517578,20.852500915527344,9876000.0,15.951194763183596,NKE
2010-11-05,21.02750015258789,20.809999465942386,20.809999465942386,21.02750015258789,9038800.0,16.085060119628903,NKE
2010-11-08,20.959999084472656,20.739999771118164,20.915000915527344,20.90250015258789,7300400.0,15.989442825317385,NKE
2010-11-09,20.92250061035156,20.71999931335449,20.912500381469727,20.799999237060547,9705200.0,15.911033630371096,NKE
2010-11-10,20.997499465942386,20.70499992370605,20.78499984741211,20.96999931335449,8811200.0,16.041070938110348,NKE
2010-11-11,20.950000762939453,20.747499465942386,20.837499618530273,20.917499542236328,6689600.0,16.000913619995114,NKE
2010-11-12,20.912500381469727,20.51000022888184,20.79750061035156,20.655000686645508,7630400.0,15.800115585327148,NKE
2010-11-15,20.73500061035156,20.424999237060547,20.727500915527344,20.450000762939453,7975600.0,15.64329719543457,NKE
2010-11-16,20.559999465942386,20.065000534057614,20.395000457763672,20.127500534057614,12930800.0,15.396604537963867,NKE
2010-11-17,20.482500076293945,20.14249992370605,20.19499969482422,20.34749984741211,10762000.0,15.56488800048828,NKE
2010-11-18,20.73500061035156,20.542499542236328,20.542499542236328,20.61750030517578,8432000.0,15.771430015563965,NKE
2010-11-19,21.57999992370605,20.717500686645508,20.717500686645508,21.45249938964844,19276800.0,16.410163879394528,NKE
2010-11-22,21.5,21.270000457763672,21.270000457763672,21.479999542236328,7275600.0,16.431196212768555,NKE
2010-11-23,21.46999931335449,21.21999931335449,21.262500762939453,21.315000534057614,6632000.0,16.304983139038086,NKE
2010-11-24,21.74250030517578,21.36000061035156,21.36000061035156,21.63249969482422,8905600.0,16.547855377197266,NKE
2010-11-26,21.649999618530273,21.475000381469727,21.57749938964844,21.489999771118164,4050400.0,16.4388427734375,NKE
2010-11-29,21.350000381469727,20.979999542236328,21.350000381469727,21.290000915527344,9700400.0,16.285863876342773,NKE
2010-11-30,21.649999618530273,21.092500686645508,21.125,21.53249931335449,13166000.0,16.471363067626953,NKE
2010-12-01,22.06999969482422,21.850000381469727,21.8700008392334,21.90999984741211,7963600.0,16.760135650634766,NKE
2010-12-02,22.0,21.739999771118164,21.959999084472656,21.957500457763672,6449200.0,17.037528991699222,NKE
2010-12-03,21.9950008392334,21.70499992370605,21.877500534057614,21.88249969482422,8116400.0,16.979333877563473,NKE
2010-12-06,21.989999771118164,21.76000022888184,21.877500534057614,21.9325008392334,4806400.0,17.018129348754886,NKE
2010-12-07,22.112499237060547,21.780000686645508,22.09749984741211,21.79750061035156,7686800.0,16.91337776184082,NKE
2010-12-08,21.912500381469727,21.600000381469727,21.862499237060547,21.82999992370605,5462800.0,16.938592910766598,NKE
2010-12-09,22.125,21.809999465942386,22.03499984741211,21.86750030517578,6420400.0,16.967693328857422,NKE
2010-12-10,22.09749984741211,21.875,21.940000534057614,21.950000762939453,5095200.0,17.031707763671875,NKE
2010-12-13,22.6299991607666,22.252500534057614,22.40999984741211,22.3075008392334,12956400.0,17.309110641479492,NKE
2010-12-14,22.434999465942386,22.127500534057614,22.2450008392334,22.31999969482422,7558800.0,17.318798065185547,NKE
2010-12-15,22.399999618530273,22.107500076293945,22.3174991607666,22.145000457763672,7000800.0,17.183013916015625,NKE
2010-12-16,22.3125,21.9424991607666,22.13500022888184,22.3075008392334,7224400.0,17.309110641479492,NKE
2010-12-17,22.587499618530273,22.31999969482422,22.34000015258789,22.512500762939453,11552400.0,17.468170166015625,NKE
2010-12-20,22.71750068664551,22.40749931335449,22.63249969482422,22.5674991607666,8692800.0,17.510847091674805,NKE
2010-12-21,23.122499465942386,22.6200008392334,22.75,23.07500076293945,25000000.0,17.904634475708008,NKE
2010-12-22,22.0625,21.649999618530273,21.75,21.737499237060547,33224000.0,16.866815567016598,NKE
2010-12-23,21.75,21.357500076293945,21.732500076293945,21.512500762939453,13772800.0,16.692245483398438,NKE
2010-12-27,21.520000457763672,21.375,21.4950008392334,21.457500457763672,6373600.0,16.649560928344727,NKE
2010-12-28,21.69499969482422,21.52750015258789,21.559999465942386,21.582500457763672,8459600.0,16.746553421020508,NKE
2010-12-29,21.63500022888184,21.3125,21.63500022888184,21.3174991607666,6960400.0,16.54093360900879,NKE
2010-12-30,21.530000686645508,21.280000686645508,21.325000762939453,21.440000534057614,5910000.0,16.635982513427734,NKE
2010-12-31,21.459999084472656,21.280000686645508,21.350000381469727,21.354999542236328,5796000.0,16.570024490356445,NKE
2011-01-03,21.645000457763672,21.315000534057614,21.457500457763672,21.522499084472656,8566400.0,16.699995040893555,NKE
2011-01-04,21.4375,20.9375,21.399999618530273,20.99250030517578,13797600.0,16.288753509521484,NKE
2011-01-05,21.207500457763672,20.877500534057614,20.912500381469727,21.1299991607666,11598800.0,16.395444869995114,NKE
2011-01-06,21.125,20.88999938964844,21.112499237060547,20.940000534057614,8057200.0,16.24802017211914,NKE
2011-01-07,20.987499237060547,20.8174991607666,20.924999237060547,20.88249969482422,8174400.0,16.20339584350586,NKE
2011-01-10,21.122499465942386,20.76499938964844,20.8125,21.042499542236328,8914400.0,16.327550888061527,NKE
2011-01-11,21.200000762939453,20.905000686645508,21.049999237060547,21.0049991607666,5563200.0,16.298450469970707,NKE
2011-01-12,21.122499465942386,20.920000076293945,21.100000381469727,20.9325008392334,9653600.0,16.242193222045902,NKE
2011-01-13,20.957500457763672,20.612499237060547,20.957500457763672,20.63999938964844,9774400.0,16.015239715576172,NKE
2011-01-14,21.075000762939453,20.592500686645508,20.655000686645508,21.01749992370605,8390800.0,16.308151245117188,NKE
2011-01-18,21.2450008392334,20.967500686645508,21.104999542236328,21.01499938964844,9024400.0,16.306211471557614,NKE
2011-01-19,21.042499542236328,20.707500457763672,21.022499084472656,20.915000915527344,10901200.0,16.228618621826172,NKE
2011-01-20,20.912500381469727,20.625,20.799999237060547,20.76749992370605,9431200.0,16.11416244506836,NKE
2011-01-21,20.88999938964844,20.54750061035156,20.877500534057614,20.575000762939453,7430400.0,15.96480655670166,NKE
2011-01-24,20.725000381469727,20.375,20.5,20.665000915527344,8115600.0,16.034635543823242,NKE
2011-01-25,20.737499237060547,20.479999542236328,20.64249992370605,20.71999931335449,7434000.0,16.077312469482422,NKE
2011-01-26,21.042499542236328,20.69750022888184,20.78499984741211,21.0,10357600.0,16.29456901550293,NKE
2011-01-27,21.084999084472656,20.67250061035156,21.01749992370605,20.6924991607666,9769600.0,16.055971145629886,NKE
2011-01-28,20.7450008392334,20.325000762939453,20.727500915527344,20.364999771118164,8968000.0,15.80185604095459,NKE
2011-01-31,20.63999938964844,20.252500534057614,20.3799991607666,20.6200008392334,7680800.0,15.999720573425293,NKE
2011-02-01,20.924999237060547,20.655000686645508,20.6875,20.887500762939453,9705200.0,16.207277297973633,NKE
2011-02-02,20.98500061035156,20.780000686645508,20.857500076293945,20.977500915527344,7764400.0,16.277116775512695,NKE
2011-02-03,21.075000762939453,20.84499931335449,20.89249992370605,20.950000762939453,10352400.0,16.255781173706055,NKE
2011-02-04,21.47249984741211,20.95249938964844,21.002500534057614,21.434999465942386,9636400.0,16.632102966308597,NKE
2011-02-07,21.700000762939453,21.415000915527344,21.450000762939453,21.625,8380800.0,16.779531478881836,NKE
2011-02-08,21.70249938964844,21.545000076293945,21.670000076293945,21.677499771118164,6836800.0,16.820262908935547,NKE
2011-02-09,21.924999237060547,21.612499237060547,21.677499771118164,21.8125,8368800.0,16.925016403198242,NKE
2011-02-10,21.86000061035156,21.565000534057614,21.729999542236328,21.69750022888184,6752400.0,16.83578872680664,NKE
2011-02-11,21.677499771118164,21.489999771118164,21.612499237060547,21.552499771118164,7392800.0,16.723278045654293,NKE
2011-02-14,21.63500022888184,21.362499237060547,21.57999992370605,21.4424991607666,7376000.0,16.637922286987305,NKE
2011-02-15,21.397499084472656,21.155000686645508,21.3174991607666,21.387500762939453,8109600.0,16.595243453979492,NKE
2011-02-16,21.487499237060547,21.280000686645508,21.3799991607666,21.4375,8908800.0,16.634040832519528,NKE
2011-02-17,21.520000457763672,21.100000381469727,21.184999465942386,21.51000022888184,11937200.0,16.690298080444336,NKE
2011-02-18,22.207500457763672,21.5,21.6200008392334,22.20499992370605,14709200.0,17.22956657409668,NKE
2011-02-22,22.07999992370605,21.727500915527344,21.899999618530273,21.8075008392334,10978800.0,16.921134948730472,NKE
2011-02-23,21.957500457763672,21.44750022888184,21.72249984741211,21.54750061035156,11854400.0,16.719396591186527,NKE
2011-02-24,21.729999542236328,21.375,21.479999542236328,21.6299991607666,8765200.0,16.783409118652347,NKE
2011-02-25,22.075000762939453,21.63500022888184,21.667499542236328,21.9950008392334,8998400.0,17.066619873046875,NKE
2011-02-28,22.290000915527344,21.987499237060547,22.07250022888184,22.25749969482422,10352800.0,17.270305633544922,NKE
2011-03-01,22.45249938964844,21.877500534057614,22.412500381469727,21.924999237060547,13718400.0,17.01230812072754,NKE
2011-03-02,22.3075008392334,21.8075008392334,21.915000915527344,22.082500457763672,9465200.0,17.134517669677734,NKE
2011-03-03,22.497499465942386,22.225000381469727,22.227500915527344,22.459999084472656,10421200.0,17.675565719604492,NKE
2011-03-04,22.5,22.334999084472656,22.45249938964844,22.46999931335449,10181600.0,17.68343734741211,NKE
2011-03-07,22.78000068664551,22.0674991607666,22.5,22.229999542236328,16266400.0,17.494562149047848,NKE
2011-03-08,22.417499542236328,22.207500457763672,22.287500381469727,22.29750061035156,9622000.0,17.547685623168945,NKE
2011-03-09,22.415000915527344,22.0625,22.190000534057614,22.237499237060547,9950400.0,17.500469207763672,NKE
2011-03-10,22.26749992370605,21.88500022888184,22.0625,22.045000076293945,9078400.0,17.348970413208008,NKE
2011-03-11,21.897499084472656,21.36750030517578,21.8700008392334,21.792499542236328,14917200.0,17.150260925292972,NKE
2011-03-14,21.71999931335449,21.34000015258789,21.71500015258789,21.552499771118164,10236000.0,16.961387634277347,NKE
2011-03-15,21.45499992370605,21.0,21.15749931335449,21.332500457763672,9891200.0,16.788246154785153,NKE
2011-03-16,21.467500686645508,21.012500762939453,21.25,21.20499992370605,10024800.0,16.687904357910153,NKE
2011-03-17,21.434999465942386,21.122499465942386,21.39249992370605,21.352500915527344,13822000.0,16.803987503051758,NKE
2011-03-18,19.662500381469727,19.207500457763672,19.497499465942386,19.397499084472656,78895200.0,15.265443801879885,NKE
2011-03-21,19.487499237060547,19.155000686645508,19.405000686645508,19.209999084472656,23426000.0,15.117878913879395,NKE
2011-03-22,19.25,17.357500076293945,19.162500381469727,18.862499237060547,36628400.0,14.84440803527832,NKE
2011-03-23,19.424999237060547,18.762500762939453,18.795000076293945,19.30500030517578,48562000.0,15.192649841308596,NKE
2011-03-24,19.459999084472656,19.100000381469727,19.3700008392334,19.1825008392334,17726800.0,15.096240997314453,NKE
2011-03-25,19.399999618530273,19.155000686645508,19.207500457763672,19.165000915527344,18833600.0,15.08246898651123,NKE
2011-03-28,19.247499465942386,18.950000762939453,19.170000076293945,18.97249984741211,14793600.0,14.9309720993042,NKE
2011-03-29,19.162500381469727,18.905000686645508,19.024999618530273,19.09000015258789,15672400.0,15.023445129394533,NKE
2011-03-30,19.25,19.059999465942386,19.11750030517578,19.1875,9911200.0,15.100175857543945,NKE
2011-03-31,19.15250015258789,18.905000686645508,19.122499465942386,18.924999237060547,13097200.0,14.893594741821287,NKE
2011-04-01,19.225000381469727,18.95499992370605,18.98500061035156,19.13249969482422,12892400.0,15.05689525604248,NKE
2011-04-04,19.38999938964844,19.087499618530273,19.19499969482422,19.352500915527344,9965200.0,15.230026245117188,NKE
2011-04-05,19.5,19.212499618530273,19.295000076293945,19.482500076293945,12783200.0,15.3323335647583,NKE
2011-04-06,19.75,19.559999465942386,19.65999984741211,19.667499542236328,15684000.0,15.47792148590088,NKE
2011-04-07,19.65999984741211,19.2549991607666,19.65999984741211,19.522499084472656,14822800.0,15.363811492919922,NKE
2011-04-08,19.75,19.26499938964844,19.667499542236328,19.34749984741211,10769600.0,15.226089477539062,NKE
2011-04-11,19.53499984741211,19.3125,19.315000534057614,19.53249931335449,8329200.0,15.371683120727539,NKE
2011-04-12,19.592500686645508,19.337499618530273,19.3799991607666,19.549999237060547,8850000.0,15.385453224182127,NKE
2011-04-13,19.88249969482422,19.537500381469727,19.545000076293945,19.852500915527344,12069600.0,15.623519897460938,NKE
2011-04-14,20.0674991607666,19.662500381469727,19.71500015258789,20.020000457763672,14087600.0,15.75533676147461,NKE
2011-04-15,20.102500915527344,19.667499542236328,20.102500915527344,19.6825008392334,13746800.0,15.489736557006836,NKE
2011-04-18,19.662500381469727,19.299999237060547,19.51749992370605,19.645000457763672,11543200.0,15.460220336914062,NKE
2011-04-19,19.887500762939453,19.622499465942386,19.667499542236328,19.6825008392334,10802800.0,15.489736557006836,NKE
2011-04-20,20.0625,19.815000534057614,19.86000061035156,20.01749992370605,14865200.0,15.753368377685547,NKE
2011-04-21,20.15749931335449,19.959999084472656,20.15749931335449,20.04750061035156,8706000.0,15.776984214782715,NKE
2011-04-25,20.227500915527344,19.96999931335449,20.15250015258789,20.02750015258789,6976000.0,15.761236190795898,NKE
2011-04-26,20.149999618530273,19.850000381469727,20.022499084472656,19.989999771118164,7317600.0,15.73172664642334,NKE
2011-04-27,20.3075008392334,19.979999542236328,20.01499938964844,20.280000686645508,9981200.0,15.959953308105467,NKE
2011-04-28,20.6825008392334,20.149999618530273,20.270000457763672,20.64249992370605,10064000.0,16.245227813720707,NKE
2011-04-29,20.63249969482422,20.4375,20.565000534057614,20.57999992370605,8844400.0,16.196046829223633,NKE
2011-05-02,20.8700008392334,20.5,20.69499969482422,20.559999465942386,12402400.0,16.180307388305664,NKE
2011-05-03,20.649999618530273,20.38500022888184,20.587499618530273,20.415000915527344,8710800.0,16.066194534301758,NKE
2011-05-04,20.75,20.352500915527344,20.6200008392334,20.69750022888184,11956000.0,16.288516998291016,NKE
2011-05-05,20.834999084472656,20.522499084472656,20.674999237060547,20.65250015258789,9631200.0,16.253103256225586,NKE
2011-05-06,20.857500076293945,20.440000534057614,20.79750061035156,20.5049991607666,9624800.0,16.137016296386722,NKE
2011-05-09,20.74250030517578,20.424999237060547,20.450000762939453,20.727500915527344,6536800.0,16.312124252319336,NKE
2011-05-10,20.924999237060547,20.6825008392334,20.8125,20.875,10405600.0,16.428205490112305,NKE
2011-05-11,20.915000915527344,20.549999237060547,20.792499542236328,20.665000915527344,8601600.0,16.262943267822266,NKE
2011-05-12,21.174999237060547,20.61000061035156,20.65999984741211,21.145000457763672,10240800.0,16.640693664550778,NKE
2011-05-13,21.63249969482422,21.174999237060547,21.18000030517578,21.565000534057614,14448800.0,16.971223831176758,NKE
2011-05-16,21.565000534057614,21.2549991607666,21.434999465942386,21.3174991607666,10656800.0,16.776443481445312,NKE
2011-05-17,21.2549991607666,20.99250030517578,21.20499992370605,21.22249984741211,9972400.0,16.70168113708496,NKE
2011-05-18,21.399999618530273,21.13249969482422,21.22249984741211,21.207500457763672,9857600.0,16.689874649047848,NKE
2011-05-19,21.540000915527344,21.26000022888184,21.29750061035156,21.52750015258789,8239600.0,16.941705703735348,NKE
2011-05-20,21.6200008392334,21.09749984741211,21.59749984741211,21.262500762939453,10130400.0,16.733154296875,NKE
2011-05-23,21.1825008392334,20.864999771118164,21.024999618530273,20.905000686645508,9112400.0,16.451814651489258,NKE
2011-05-24,21.1825008392334,20.90749931335449,20.94750022888184,21.082500457763672,5756000.0,16.591501235961914,NKE
2011-05-25,20.950000762939453,20.77750015258789,20.94499969482422,20.79750061035156,9230400.0,16.367210388183597,NKE
2011-05-26,21.059999465942386,20.747499465942386,20.792499542236328,21.01749992370605,6762000.0,16.540353775024414,NKE
2011-05-27,21.200000762939453,21.04750061035156,21.059999465942386,21.155000686645508,6079600.0,16.648557662963867,NKE
2011-05-31,21.237499237060547,20.95499992370605,21.209999084472656,21.112499237060547,8879200.0,16.615108489990234,NKE
2011-06-01,21.18000030517578,20.520000457763672,21.084999084472656,20.537500381469727,10124800.0,16.162593841552734,NKE
2011-06-02,20.647499084472656,20.26499938964844,20.467500686645508,20.287500381469727,11829200.0,16.210542678833008,NKE
2011-06-03,20.337499618530273,20.05500030517578,20.127500534057614,20.09000015258789,11259200.0,16.052732467651367,NKE
2011-06-06,20.237499237060547,19.934999465942386,20.092500686645508,19.9424991607666,9092800.0,15.934870719909668,NKE
2011-06-07,20.57999992370605,20.037500381469727,20.04750061035156,20.475000381469727,13809200.0,16.360361099243164,NKE
2011-06-08,20.497499465942386,19.967500686645508,20.38249969482422,20.024999618530273,12223200.0,16.000791549682614,NKE
2011-06-09,20.332500457763672,20.059999465942386,20.07250022888184,20.167499542236328,9538800.0,16.114656448364258,NKE
2011-06-10,20.38999938964844,19.887500762939453,20.147499084472656,19.915000915527344,9920000.0,15.9128999710083,NKE
2011-06-13,20.47249984741211,19.920000076293945,19.9375,20.127500534057614,10787600.0,16.082698822021484,NKE
2011-06-14,20.607500076293945,20.270000457763672,20.292499542236328,20.559999465942386,11731600.0,16.428277969360348,NKE
2011-06-15,20.477500915527344,19.975000381469727,20.38999938964844,20.09749984741211,11418800.0,16.058719635009766,NKE
2011-06-16,20.1875,19.86000061035156,20.11750030517578,20.07250022888184,9092000.0,16.038749694824222,NKE
2011-06-17,20.397499084472656,20.200000762939453,20.20249938964844,20.27750015258789,10494400.0,16.20255470275879,NKE
2011-06-20,20.84749984741211,20.21500015258789,20.21500015258789,20.8075008392334,9140800.0,16.626043319702152,NKE
2011-06-21,21.207500457763672,20.762500762939453,20.787500381469727,21.127500534057614,9263200.0,16.881742477416992,NKE
2011-06-22,21.102500915527344,20.462499618530273,20.97249984741211,20.487499237060547,18370400.0,16.370351791381836,NKE
2011-06-23,20.59000015258789,20.15749931335449,20.34000015258789,20.54750061035156,17086000.0,16.41829490661621,NKE
2011-06-24,20.622499465942386,20.1825008392334,20.52750015258789,20.295000076293945,15564400.0,16.216533660888672,NKE
2011-06-27,20.6924991607666,20.229999542236328,20.229999542236328,20.405000686645508,22992800.0,16.304428100585938,NKE
2011-06-28,22.645000457763672,21.290000915527344,21.3174991607666,22.475000381469727,60456800.0,17.95844268798828,NKE
2011-06-29,22.587499618530273,22.045000076293945,22.415000915527344,22.44499969482422,25427600.0,17.934471130371094,NKE
2011-06-30,22.607500076293945,22.30500030517578,22.30500030517578,22.4950008392334,17715200.0,17.974424362182614,NKE
2011-07-01,22.997499465942386,22.357500076293945,22.412500381469727,22.95499992370605,16781200.0,18.34198570251465,NKE
2011-07-05,23.02750015258789,22.732500076293945,22.81999969482422,22.934999465942386,14938800.0,18.32600212097168,NKE
2011-07-06,23.122499465942386,22.84250068664551,22.84749984741211,23.087499618530273,14488000.0,18.44785499572754,NKE
2011-07-07,23.5575008392334,23.177499771118164,23.190000534057614,23.415000915527344,17198000.0,18.70953941345215,NKE
2011-07-08,23.334999084472656,23.0674991607666,23.247499465942386,23.309999465942386,12672400.0,18.62564468383789,NKE
2011-07-11,23.26250076293945,22.78249931335449,22.96750068664551,22.857500076293945,12599600.0,18.26407814025879,NKE
2011-07-12,22.9950008392334,22.66250038146973,22.81999969482422,22.8075008392334,7284000.0,18.2241268157959,NKE
2011-07-13,23.21750068664551,22.7450008392334,22.7450008392334,23.01250076293945,9458400.0,18.38792991638184,NKE
2011-07-14,23.23749923706055,22.8125,23.042499542236328,22.989999771118164,10843200.0,18.36995887756348,NKE
2011-07-15,23.09250068664551,22.707500457763672,23.09250068664551,22.92499923706055,14330400.0,18.31800842285156,NKE
2011-07-18,22.897499084472656,22.6200008392334,22.72500038146973,22.65999984741211,11662400.0,18.10626602172852,NKE
2011-07-19,22.88249969482422,22.627500534057614,22.86249923706055,22.684999465942386,18579600.0,18.12624931335449,NKE
2011-07-20,22.7450008392334,22.542499542236328,22.72249984741211,22.649999618530273,9916000.0,18.0982723236084,NKE
2011-07-21,23.147499084472656,22.57250022888184,22.690000534057614,22.959999084472656,11621200.0,18.34597969055176,NKE
2011-07-22,23.07250022888184,22.857500076293945,23.01250076293945,22.927499771118164,7219200.0,18.32000732421875,NKE
2011-07-25,22.852500915527344,22.57999992370605,22.584999084472656,22.732500076293945,6965200.0,18.164196014404297,NKE
2011-07-26,22.82999992370605,22.54750061035156,22.75,22.582500457763672,7566800.0,18.04433822631836,NKE
2011-07-27,22.64249992370605,22.137500762939453,22.48500061035156,22.18000030517578,12686400.0,17.72272491455078,NKE
2011-07-28,22.84000015258789,22.217500686645508,22.217500686645508,22.6200008392334,14810400.0,18.07430648803711,NKE
2011-07-29,22.70000076293945,22.3125,22.45249938964844,22.53750038146973,9905200.0,18.008386611938477,NKE
2011-08-01,22.614999771118164,22.002500534057614,22.604999542236328,22.334999084472656,10046800.0,17.846576690673828,NKE
2011-08-02,22.299999237060547,21.2450008392334,22.065000534057614,21.27750015258789,17061600.0,17.001592636108402,NKE
2011-08-03,21.780000686645508,20.727500915527344,21.325000762939453,21.770000457763672,15954400.0,17.395116806030273,NKE
2011-08-04,21.6875,20.372499465942386,21.52750015258789,20.387500762939453,18850800.0,16.290443420410153,NKE
2011-08-05,21.127500534057614,20.084999084472656,20.627500534057614,20.967500686645508,21511200.0,16.753889083862305,NKE
2011-08-08,20.834999084472656,19.5,20.34499931335449,19.79750061035156,23861600.0,15.819007873535154,NKE
2011-08-09,20.662500381469727,19.2450008392334,20.09000015258789,20.625,21544000.0,16.480218887329098,NKE
2011-08-10,20.725000381469727,19.76000022888184,20.417499542236328,19.832500457763672,19309600.0,15.84698486328125,NKE
2011-08-11,21.09749984741211,19.82999992370605,19.915000915527344,20.8125,14950400.0,16.630043029785153,NKE
2011-08-12,21.262500762939453,20.84749984741211,20.96500015258789,21.059999465942386,10663200.0,16.827802658081055,NKE
2011-08-15,21.290000915527344,20.69499969482422,21.15250015258789,21.28249931335449,10026800.0,17.005582809448242,NKE
2011-08-16,21.38249969482422,20.78249931335449,21.022499084472656,20.80500030517578,14041200.0,16.624046325683597,NKE
2011-08-17,21.147499084472656,20.459999084472656,20.912500381469727,20.637500762939453,12017200.0,16.49020767211914,NKE
2011-08-18,20.34749984741211,19.74250030517578,20.190000534057614,19.979999542236328,16644000.0,15.964832305908205,NKE
2011-08-19,20.372499465942386,19.625,19.73500061035156,19.645000457763672,12648800.0,15.697163581848145,NKE
2011-08-22,20.145000457763672,19.75749969482422,20.00749969482422,19.8125,11138800.0,15.830999374389648,NKE
2011-08-23,20.90749931335449,19.774999618530273,19.89249992370605,20.897499084472656,12045600.0,16.697959899902347,NKE
2011-08-24,21.497499465942386,20.71500015258789,20.802499771118164,21.450000762939453,15281600.0,17.13942527770996,NKE
2011-08-25,21.622499465942386,20.872499465942386,21.462499618530273,20.940000534057614,12359600.0,16.731918334960938,NKE
2011-08-26,21.614999771118164,20.575000762939453,20.825000762939453,21.57250022888184,12230800.0,17.237302780151367,NKE
2011-08-29,22.149999618530273,21.700000762939453,21.77750015258789,22.13500022888184,11164000.0,17.686771392822266,NKE
2011-08-30,22.13249969482422,21.59000015258789,22.075000762939453,21.592500686645508,18831200.0,17.253292083740234,NKE
2011-08-31,22.13249969482422,21.537500381469727,21.76000022888184,21.662500381469727,13958000.0,17.309211730957028,NKE
2011-09-01,22.024999618530273,21.5049991607666,21.587499618530273,21.637500762939453,15754400.0,17.54025650024414,NKE
2011-09-02,21.457500457763672,20.950000762939453,21.217500686645508,21.01000022888184,10301200.0,17.03158187866211,NKE
2011-09-06,20.977500915527344,20.049999237060547,20.287500381469727,20.940000534057614,11293200.0,16.974836349487305,NKE
2011-09-07,21.627500534057614,21.040000915527344,21.26000022888184,21.627500534057614,11406000.0,17.532150268554688,NKE
2011-09-08,21.872499465942386,21.200000762939453,21.4375,21.332500457763672,11198800.0,17.293006896972653,NKE
2011-09-09,21.34749984741211,20.6200008392334,21.107500076293945,20.625,14903200.0,16.719484329223633,NKE
2011-09-12,21.104999542236328,20.362499237060547,20.440000534057614,21.09000015258789,9916800.0,17.096431732177734,NKE
2011-09-13,21.59499931335449,21.01499938964844,21.102500915527344,21.45499992370605,11845600.0,17.392311096191403,NKE
2011-09-14,22.19750022888184,21.352500915527344,21.5674991607666,21.872499465942386,15416000.0,17.730756759643555,NKE
2011-09-15,22.100000381469727,21.690000534057614,22.065000534057614,22.01000022888184,11005600.0,17.842220306396484,NKE
2011-09-16,22.4950008392334,22.082500457763672,22.155000686645508,22.4424991607666,16175600.0,18.19282341003418,NKE
2011-09-19,22.625,22.00749969482422,22.059999465942386,22.54999923706055,14538000.0,18.27996063232422,NKE
2011-09-20,22.795000076293945,22.309999465942386,22.667499542236328,22.364999771118164,15854400.0,18.12999725341797,NKE
2011-09-21,22.405000686645508,21.387500762939453,22.309999465942386,21.434999465942386,20442800.0,17.376102447509766,NKE
2011-09-22,21.177499771118164,20.55500030517578,20.79750061035156,21.045000076293945,23763200.0,17.059951782226562,NKE
2011-09-23,22.497499465942386,21.67250061035156,21.94499969482422,22.15999984741211,36419200.0,17.963815689086914,NKE
2011-09-26,22.4950008392334,21.80500030517578,22.38999938964844,22.32749938964844,16838400.0,18.09959983825684,NKE
2011-09-27,23.13999938964844,22.4950008392334,22.60000038146973,22.645000457763672,17462800.0,18.356983184814453,NKE
2011-09-28,22.9950008392334,22.0625,22.667499542236328,22.11750030517578,14258000.0,17.92936134338379,NKE
2011-09-29,22.5,21.36000061035156,22.44750022888184,21.997499465942386,14378000.0,17.83208656311035,NKE
2011-09-30,22.059999465942386,21.3700008392334,21.7450008392334,21.377500534057614,13958800.0,17.329486846923828,NKE
2011-10-03,21.54750061035156,20.75,21.237499237060547,20.762500762939453,14336000.0,16.830942153930664,NKE
2011-10-04,21.475000381469727,20.252500534057614,20.38500022888184,21.4325008392334,13781600.0,17.374067306518555,NKE
2011-10-05,22.059999465942386,21.332500457763672,21.482500076293945,21.950000762939453,14786400.0,17.793581008911133,NKE
2011-10-06,22.44750022888184,21.80500030517578,21.88249969482422,22.31999969482422,10604000.0,18.09351348876953,NKE
2011-10-07,22.467500686645508,21.897499084472656,22.32250022888184,22.037500381469727,10361600.0,17.86451530456543,NKE
2011-10-10,22.71750068664551,22.334999084472656,22.44499969482422,22.68000030517578,8209200.0,18.385343551635746,NKE
2011-10-11,22.67499923706055,22.357500076293945,22.44750022888184,22.462499618530273,8690400.0,18.209033966064453,NKE
2011-10-12,23.125,22.487499237060547,22.582500457763672,22.94750022888184,14055200.0,18.602195739746094,NKE
2011-10-13,23.125,22.732500076293945,22.854999542236328,23.052499771118164,8464800.0,18.687313079833984,NKE
2011-10-14,23.295000076293945,22.977500915527344,23.145000457763672,23.24250030517578,8570800.0,18.841333389282227,NKE
2011-10-17,23.22500038146973,22.677499771118164,23.0674991607666,22.7549991607666,8205600.0,18.446149826049805,NKE
2011-10-18,23.082500457763672,21.9950008392334,22.65250015258789,22.8700008392334,11126000.0,18.53937149047852,NKE
2011-10-19,23.125,22.76749992370605,22.917499542236328,22.82250022888184,8566800.0,18.500864028930664,NKE
2011-10-20,23.114999771118164,22.67250061035156,22.90999984741211,22.97249984741211,8444800.0,18.62245750427246,NKE
2011-10-21,23.587499618530273,23.13249969482422,23.20000076293945,23.587499618530273,12383600.0,19.121002197265625,NKE
2011-10-24,23.982500076293945,23.53000068664551,23.584999084472656,23.76749992370605,13173600.0,19.26692008972168,NKE
2011-10-25,23.834999084472656,23.36750030517578,23.52750015258789,23.4375,9488800.0,18.999406814575195,NKE
2011-10-26,23.747499465942386,23.1825008392334,23.65999984741211,23.552499771118164,9555200.0,19.09263038635254,NKE
2011-10-27,24.122499465942386,23.857500076293945,24.042499542236328,23.957500457763672,15440800.0,19.420942306518555,NKE
2011-10-28,24.232500076293945,23.729999542236328,23.915000915527344,24.1875,12221600.0,19.60738945007324,NKE
2011-10-31,24.420000076293945,23.88500022888184,23.940000534057614,24.087499618530273,12228000.0,19.526323318481445,NKE
2011-11-01,23.857500076293945,23.364999771118164,23.377500534057614,23.46999931335449,10651200.0,19.0257568359375,NKE
2011-11-02,23.95000076293945,23.522499084472656,23.91250038146973,23.73500061035156,11624400.0,19.240577697753906,NKE
2011-11-03,24.059999465942386,23.39249992370605,24.03750038146973,23.920000076293945,10792800.0,19.390544891357425,NKE
2011-11-04,23.997499465942386,23.40250015258789,23.79999923706055,23.59499931335449,8239200.0,19.127086639404297,NKE
2011-11-07,23.82500076293945,23.36000061035156,23.6299991607666,23.45000076293945,8730800.0,19.009540557861328,NKE
2011-11-08,23.90999984741211,23.42499923706055,23.59749984741211,23.854999542236328,9659200.0,19.337848663330078,NKE
2011-11-09,23.51250076293945,22.90250015258789,23.36750030517578,23.09000015258789,11706800.0,18.71771240234375,NKE
2011-11-10,23.63500022888184,23.14249992370605,23.354999542236328,23.479999542236328,9393600.0,19.033859252929688,NKE
2011-11-11,24.102500915527344,23.61249923706055,23.6875,24.03750038146973,8108000.0,19.485795974731445,NKE
2011-11-14,24.22249984741211,23.79999923706055,23.959999084472656,23.9375,6849200.0,19.40472984313965,NKE
2011-11-15,24.149999618530273,23.667499542236328,23.815000534057614,23.98749923706055,7013600.0,19.445268630981445,NKE
2011-11-16,23.875,23.38500022888184,23.78499984741211,23.42499923706055,8850000.0,18.989276885986328,NKE
2011-11-17,23.420000076293945,22.72500038146973,23.28249931335449,22.97249984741211,9039200.0,18.62245750427246,NKE
2011-11-18,23.3700008392334,22.86249923706055,23.15500068664551,23.1875,9440800.0,18.7967529296875,NKE
2011-11-21,23.040000915527344,22.44750022888184,22.90500068664551,22.76499938964844,7354000.0,18.454254150390625,NKE
2011-11-22,23.15500068664551,22.747499465942386,22.79750061035156,22.90749931335449,7660000.0,18.56976318359375,NKE
2011-11-23,22.99250030517578,22.625,22.6825008392334,22.732500076293945,7470400.0,18.42790985107422,NKE
2011-11-25,22.96500015258789,22.56999969482422,22.665000915527344,22.56999969482422,3475600.0,18.29617691040039,NKE
2011-11-28,23.957500457763672,22.97500038146973,23.01000022888184,23.727500915527344,15442400.0,19.234495162963867,NKE
2011-11-29,23.857500076293945,23.57749938964844,23.815000534057614,23.71750068664551,11024400.0,19.226388931274414,NKE
2011-11-30,24.375,23.729999542236328,24.270000457763672,24.045000076293945,13492800.0,19.491870880126953,NKE
2011-12-01,24.084999084472656,23.627500534057614,23.84000015258789,23.8125,9566800.0,19.596797943115234,NKE
2011-12-02,24.177499771118164,23.877500534057614,23.94499969482422,24.0625,9465600.0,19.80253791809082,NKE
2011-12-05,24.372499465942386,23.98500061035156,24.1825008392334,24.149999618530273,8855600.0,19.874549865722656,NKE
2011-12-06,24.309999465942386,23.989999771118164,24.29999923706055,24.0625,6987600.0,19.80253791809082,NKE
2011-12-07,24.247499465942386,23.815000534057614,24.19499969482422,23.97249984741211,11209200.0,19.72846984863281,NKE
2011-12-08,24.1200008392334,23.75,23.899999618530273,23.795000076293945,9393200.0,19.582395553588867,NKE
2011-12-09,24.5625,23.82500076293945,23.8700008392334,24.420000076293945,12422800.0,20.09674835205078,NKE
2011-12-12,24.4375,23.94499969482422,24.334999084472656,24.23749923706055,10852400.0,19.946557998657227,NKE
2011-12-13,24.44750022888184,23.602500915527344,24.28249931335449,23.76250076293945,10714000.0,19.55565071105957,NKE
2011-12-14,23.93000030517578,23.4375,23.74250030517578,23.59749984741211,9455200.0,19.41986846923828,NKE
2011-12-15,23.934999465942386,23.352500915527344,23.86000061035156,23.520000457763672,10732000.0,19.3560848236084,NKE
2011-12-16,23.770000457763672,23.38750076293945,23.69499969482422,23.417499542236328,12788400.0,19.271732330322266,NKE
2011-12-19,23.53499984741211,23.26499938964844,23.479999542236328,23.34499931335449,8765200.0,19.212068557739254,NKE
2011-12-20,23.97500038146973,23.22249984741211,23.6200008392334,23.40749931335449,18300800.0,19.26350212097168,NKE
2011-12-21,24.32250022888184,23.57250022888184,23.957500457763672,24.087499618530273,25045200.0,19.82311248779297,NKE
2011-12-22,24.147499084472656,23.5625,24.147499084472656,23.70499992370605,11711600.0,19.50832939147949,NKE
2011-12-23,24.232500076293945,23.6924991607666,23.8174991607666,24.22500038146973,7165200.0,19.9362735748291,NKE
2011-12-27,24.5,24.127500534057614,24.2450008392334,24.4424991607666,6448000.0,20.11527442932129,NKE
2011-12-28,24.5,24.06999969482422,24.482500076293945,24.107500076293945,6830000.0,19.839580535888672,NKE
2011-12-29,24.479999542236328,24.122499465942386,24.13750076293945,24.364999771118164,8571600.0,20.051485061645508,NKE
2011-12-30,24.38500022888184,24.09250068664551,24.34749984741211,24.09250068664551,6609200.0,19.827232360839844,NKE
2012-01-03,24.497499465942386,24.17499923706055,24.34250068664551,24.20249938964844,10944400.0,19.91775703430176,NKE
2012-01-04,24.6875,24.127500534057614,24.177499771118164,24.55500030517578,9440800.0,20.20785140991211,NKE
2012-01-05,24.645000457763672,24.25,24.44750022888184,24.540000915527344,8393200.0,20.19551086425781,NKE
2012-01-06,24.625,24.3799991607666,24.482500076293945,24.497499465942386,7760800.0,20.160526275634766,NKE
2012-01-09,24.732500076293945,24.42499923706055,24.524999618530273,24.587499618530273,10045600.0,20.234600067138672,NKE
2012-01-10,24.732500076293945,24.420000076293945,24.707500457763672,24.61750030517578,9812400.0,20.2592830657959,NKE
2012-01-11,24.649999618530273,24.44750022888184,24.5674991607666,24.53499984741211,7002800.0,20.191389083862305,NKE
2012-01-12,24.78499984741211,24.434999465942386,24.57250022888184,24.774999618530273,7516400.0,20.388900756835934,NKE
2012-01-13,24.732500076293945,24.51000022888184,24.59749984741211,24.57500076293945,6534000.0,20.22430992126465,NKE
2012-01-17,24.86000061035156,24.51250076293945,24.67499923706055,24.809999465942386,8242000.0,20.417705535888672,NKE
2012-01-18,25.28000068664551,24.67499923706055,24.70249938964844,25.21500015258789,12278800.0,20.751007080078125,NKE
2012-01-19,25.49250030517578,25.1299991607666,25.184999465942386,25.395000457763672,9158000.0,20.899141311645508,NKE
2012-01-20,25.5,25.2549991607666,25.38750076293945,25.440000534057614,8949600.0,20.93617248535156,NKE
2012-01-23,25.74250030517578,25.292499542236328,25.479999542236328,25.38999938964844,8329600.0,20.895017623901367,NKE
2012-01-24,25.59499931335449,25.2549991607666,25.334999084472656,25.552499771118164,6564400.0,21.02875518798828,NKE
2012-01-25,25.82250022888184,25.47249984741211,25.479999542236328,25.802499771118164,11383600.0,21.234495162963867,NKE
2012-01-26,25.80500030517578,25.44750022888184,25.75,25.57500076293945,7528000.0,21.04727554321289,NKE
2012-01-27,25.65749931335449,25.375,25.542499542236328,25.52750015258789,6934000.0,21.0081787109375,NKE
2012-01-30,26.03750038146973,25.21750068664551,25.36249923706055,25.84749984741211,11892000.0,21.271533966064453,NKE
2012-01-31,26.23500061035156,25.864999771118164,26.14249992370605,25.997499465942386,24751600.0,21.39497375488281,NKE
2012-02-01,26.207500457763672,25.934999465942386,26.102500915527344,25.9375,10000400.0,21.34559440612793,NKE
2012-02-02,26.04750061035156,25.64249992370605,26.0,25.70499992370605,9372800.0,21.154258728027344,NKE
2012-02-03,26.0,25.774999618530273,25.875,25.875,13192000.0,21.294158935546875,NKE
2012-02-06,25.96500015258789,25.670000076293945,25.76000022888184,25.864999771118164,6230400.0,21.285932540893555,NKE
2012-02-07,26.17499923706055,25.739999771118164,25.80500030517578,26.0575008392334,5231200.0,21.44435310363769,NKE
2012-02-08,26.665000915527344,26.1299991607666,26.1299991607666,26.482500076293945,11142800.0,21.794113159179688,NKE
2012-02-09,26.545000076293945,26.30500030517578,26.4375,26.440000534057614,5847600.0,21.759138107299805,NKE
2012-02-10,26.397499084472656,26.190000534057614,26.26749992370605,26.352500915527344,6210000.0,21.68712615966797,NKE
2012-02-13,26.482500076293945,26.15500068664551,26.45000076293945,26.30500030517578,5875200.0,21.64803504943848,NKE
2012-02-14,26.65999984741211,26.07250022888184,26.19750022888184,26.65749931335449,9526000.0,21.93813133239746,NKE
2012-02-15,26.90749931335449,26.57749938964844,26.73749923706055,26.649999618530273,9935200.0,21.93195343017578,NKE
2012-02-16,26.857500076293945,26.38750076293945,26.61750030517578,26.540000915527344,6658000.0,21.841432571411133,NKE
2012-02-17,26.8700008392334,26.56999969482422,26.684999465942386,26.670000076293945,6957200.0,21.948421478271484,NKE
2012-02-21,26.795000076293945,26.177499771118164,26.647499084472656,26.23749923706055,7308800.0,21.592479705810547,NKE
2012-02-22,26.559999465942386,26.2450008392334,26.26499938964844,26.4325008392334,6237200.0,21.75296401977539,NKE
2012-02-23,26.67499923706055,26.38500022888184,26.479999542236328,26.53499984741211,5860400.0,21.83731460571289,NKE
2012-02-24,26.649999618530273,26.40749931335449,26.52750015258789,26.57250022888184,4675200.0,21.86817169189453,NKE
2012-02-27,26.927499771118164,26.38500022888184,26.46999931335449,26.792499542236328,6077200.0,22.049226760864254,NKE
2012-02-28,26.90749931335449,26.6299991607666,26.852500915527344,26.857500076293945,5047600.0,22.10272216796875,NKE
2012-02-29,27.06999969482422,26.732500076293945,26.877500534057614,26.979999542236328,7088400.0,22.20353507995605,NKE
2012-03-01,27.2450008392334,27.0049991607666,27.22249984741211,27.13500022888184,7070400.0,22.63309669494629,NKE
2012-03-02,27.26499938964844,26.98749923706055,27.167499542236328,27.184999465942386,7011200.0,22.6747989654541,NKE
2012-03-05,27.417499542236328,27.07500076293945,27.17499923706055,27.309999465942386,7173200.0,22.779056549072266,NKE
2012-03-06,27.30500030517578,26.74250030517578,27.13999938964844,26.834999084472656,7887200.0,22.382863998413086,NKE
2012-03-07,27.03750038146973,26.82500076293945,26.864999771118164,26.895000457763672,7177600.0,22.43291473388672,NKE
2012-03-08,27.125,26.915000915527344,27.03249931335449,26.97500038146973,4564800.0,22.499635696411133,NKE
2012-03-09,27.53750038146973,27.04999923706055,27.15999984741211,27.4950008392334,9813600.0,22.93336296081543,NKE
2012-03-12,27.479999542236328,27.149999618530273,27.20000076293945,27.36249923706055,9208000.0,22.82284736633301,NKE
2012-03-13,27.709999084472656,27.38500022888184,27.5,27.690000534057614,9531200.0,23.09601974487305,NKE
2012-03-14,27.8075008392334,27.540000915527344,27.72500038146973,27.57500076293945,7452400.0,23.00009346008301,NKE
2012-03-15,27.76749992370605,27.57749938964844,27.707500457763672,27.6825008392334,7297200.0,23.089757919311523,NKE
2012-03-16,27.94499969482422,27.63999938964844,27.684999465942386,27.80500030517578,14449600.0,23.191936492919922,NKE
2012-03-19,28.1299991607666,27.739999771118164,27.97500038146973,28.03249931335449,10399600.0,23.38169288635254,NKE
2012-03-20,28.24250030517578,27.9325008392334,27.9325008392334,27.934999465942386,10681200.0,23.300373077392575,NKE
2012-03-21,28.17499923706055,27.59499931335449,28.01749992370605,27.61000061035156,15109600.0,23.02928733825684,NKE
2012-03-22,27.90749931335449,27.270000457763672,27.52750015258789,27.747499465942386,20453600.0,23.14398002624512,NKE
2012-03-23,27.875,26.51749992370605,27.802499771118164,26.854999542236328,26509200.0,22.39954948425293,NKE
2012-03-26,27.20000076293945,26.93000030517578,26.96999931335449,27.13750076293945,12512800.0,22.63517951965332,NKE
2012-03-27,27.292499542236328,26.93000030517578,27.177499771118164,26.96999931335449,10130800.0,22.49547004699707,NKE
2012-03-28,26.982500076293945,26.56999969482422,26.90250015258789,26.8075008392334,9239200.0,22.35993194580078,NKE
2012-03-29,26.997499465942386,26.57500076293945,26.57500076293945,26.962499618530273,7893200.0,22.48921012878418,NKE
2012-03-30,27.295000076293945,26.962499618530273,27.09499931335449,27.11000061035156,9274800.0,22.61224365234375,NKE
2012-04-02,27.457500457763672,26.997499465942386,27.104999542236328,27.2549991607666,9788000.0,22.73318099975586,NKE
2012-04-03,27.41250038146973,27.07500076293945,27.20249938964844,27.34250068664551,4644000.0,22.806167602539066,NKE
2012-04-04,27.47249984741211,27.170000076293945,27.28750038146973,27.372499465942386,8866800.0,22.831186294555664,NKE
2012-04-05,27.63249969482422,27.25,27.25749969482422,27.59749984741211,8787600.0,23.01885986328125,NKE
2012-04-09,27.75,27.127500534057614,27.22249984741211,27.67250061035156,11309600.0,23.081417083740234,NKE
2012-04-10,27.625,26.482500076293945,27.6200008392334,26.614999771118164,16864400.0,22.199371337890625,NKE
2012-04-11,27.1924991607666,26.86750030517578,26.92499923706055,27.0625,12034800.0,22.572614669799805,NKE
2012-04-12,27.17499923706055,26.792499542236328,27.03499984741211,27.16250038146973,11554800.0,22.65603256225586,NKE
2012-04-13,27.399999618530273,27.06999969482422,27.212499618530273,27.292499542236328,2622000.0,22.76446914672852,NKE
2012-04-16,27.46999931335449,27.170000076293945,27.26749992370605,27.35000038146973,7135200.0,22.812427520751953,NKE
2012-04-17,27.5,27.29999923706055,27.46500015258789,27.457500457763672,5772000.0,22.902088165283203,NKE
2012-04-18,27.73749923706055,27.26250076293945,27.334999084472656,27.63999938964844,8174800.0,23.054311752319336,NKE
2012-04-19,27.73749923706055,27.25749969482422,27.65749931335449,27.40250015258789,8027600.0,22.856220245361328,NKE
2012-04-20,27.86000061035156,27.4325008392334,27.4325008392334,27.6924991607666,9299600.0,23.09809875488281,NKE
2012-04-23,27.4950008392334,27.167499542236328,27.457500457763672,27.4375,6355200.0,22.88540267944336,NKE
2012-04-24,27.440000534057614,26.584999084472656,27.247499465942386,26.6875,13254400.0,22.25983238220215,NKE
2012-04-25,27.26499938964844,26.732500076293945,26.792499542236328,27.25749969482422,8388400.0,22.73526763916016,NKE
2012-04-26,27.6875,27.1825008392334,27.25749969482422,27.587499618530273,6228400.0,23.01052474975586,NKE
2012-04-27,27.88999938964844,27.45249938964844,27.522499084472656,27.65999984741211,9349200.0,23.07098960876465,NKE
2012-04-30,28.0,27.75,27.75,27.96750068664551,9552400.0,23.32747459411621,NKE
2012-05-01,28.0,27.625,27.977500915527344,27.82500076293945,10164000.0,23.208614349365234,NKE
2012-05-02,28.63999938964844,27.76000022888184,27.76000022888184,28.56999969482422,10581200.0,23.83001518249512,NKE
2012-05-03,28.70249938964844,28.3799991607666,28.552499771118164,28.60000038146973,10340800.0,23.85503578186035,NKE
2012-05-04,28.51250076293945,27.88500022888184,28.47500038146973,27.95249938964844,7205600.0,23.31496238708496,NKE
2012-05-07,28.07500076293945,27.79999923706055,27.85000038146973,27.854999542236328,6864000.0,23.23364067077637,NKE
2012-05-08,27.53750038146973,26.63999938964844,27.45000076293945,27.1825008392334,14058800.0,22.672712326049805,NKE
2012-05-09,27.21999931335449,26.770000457763672,26.857500076293945,27.03750038146973,9026000.0,22.551767349243164,NKE
2012-05-10,27.377500534057614,26.809999465942386,27.25749969482422,26.88999938964844,9458800.0,22.428741455078125,NKE
2012-05-11,27.32500076293945,26.665000915527344,26.79999923706055,27.065000534057614,6328400.0,22.574708938598636,NKE
2012-05-14,27.114999771118164,26.73500061035156,26.91250038146973,26.86750030517578,5636400.0,22.40997695922852,NKE
2012-05-15,27.252500534057614,26.752500534057614,26.82749938964844,26.80500030517578,7127600.0,22.35784721374512,NKE
2012-05-16,27.229999542236328,26.55500030517578,26.934999465942386,26.75,9965200.0,22.311967849731445,NKE
2012-05-17,26.75,26.0674991607666,26.69499969482422,26.084999084472656,9444400.0,21.75729751586914,NKE
2012-05-18,26.94499969482422,26.270000457763672,26.35000038146973,26.36000061035156,15844800.0,21.986671447753906,NKE
2012-05-21,26.84000015258789,26.32749938964844,26.32749938964844,26.8075008392334,9034400.0,22.35993194580078,NKE
2012-05-22,27.28750038146973,26.79999923706055,26.809999465942386,27.11249923706055,10214000.0,22.61432456970215,NKE
2012-05-23,27.25,26.545000076293945,26.9424991607666,26.8799991607666,8513200.0,22.42039680480957,NKE
2012-05-24,27.15999984741211,26.69499969482422,26.917499542236328,26.8700008392334,8629600.0,22.412065505981445,NKE
2012-05-25,27.29750061035156,26.90500068664551,26.979999542236328,27.19750022888184,6687600.0,22.685222625732425,NKE
2012-05-29,27.729999542236328,27.28499984741211,27.377500534057614,27.729999542236328,8734800.0,23.129383087158203,NKE
2012-05-30,27.582500457763672,27.0575008392334,27.395000457763672,27.15250015258789,10357200.0,22.647693634033203,NKE
2012-05-31,27.212499618530273,26.665000915527344,27.125,27.045000076293945,10796800.0,22.861127853393555,NKE
2012-06-01,26.63750076293945,26.045000076293945,26.57250022888184,26.149999618530273,9376400.0,22.10458374023437,NKE
2012-06-04,26.28000068664551,25.78499984741211,26.13750076293945,26.17499923706055,10202000.0,22.125720977783203,NKE
2012-06-05,26.440000534057614,26.0,26.07500076293945,26.377500534057614,9183200.0,22.29689216613769,NKE
2012-06-06,26.774999618530273,26.4325008392334,26.522499084472656,26.76749992370605,7794000.0,22.62655639648437,NKE
2012-06-07,27.09749984741211,26.5625,26.98500061035156,26.84000015258789,7079600.0,22.687843322753906,NKE
2012-06-08,27.1924991607666,26.57749938964844,26.84499931335449,27.15999984741211,7254400.0,22.958335876464844,NKE
2012-06-11,27.477500915527344,26.85000038146973,27.28000068664551,26.864999771118164,6257600.0,22.708969116210934,NKE
2012-06-12,27.165000915527344,26.684999465942386,26.897499084472656,26.899999618530273,10159600.0,22.73855781555176,NKE
2012-06-13,26.88249969482422,25.31999969482422,26.802499771118164,25.55500030517578,22770400.0,21.601633071899414,NKE
2012-06-14,25.864999771118164,24.84000015258789,25.864999771118164,25.0049991607666,24052400.0,21.136714935302734,NKE
2012-06-15,25.5,24.88999938964844,25.0625,25.4375,16830800.0,21.5023136138916,NKE
2012-06-18,25.4325008392334,25.03249931335449,25.38249969482422,25.35000038146973,12656800.0,21.4283447265625,NKE
2012-06-19,25.66250038146973,25.332500457763672,25.36000061035156,25.38500022888184,8638400.0,21.457935333251953,NKE
2012-06-20,25.68000030517578,25.15749931335449,25.63999938964844,25.29999923706055,12839600.0,21.386079788208008,NKE
2012-06-21,25.614999771118164,24.63249969482422,25.315000534057614,24.665000915527344,16054400.0,20.84931755065918,NKE
2012-06-22,24.8799991607666,24.56999969482422,24.727500915527344,24.85000038146973,15357200.0,21.005695343017575,NKE
2012-06-25,24.684999465942386,24.17499923706055,24.59499931335449,24.364999771118164,11873200.0,20.59572029113769,NKE
2012-06-26,24.71500015258789,24.32500076293945,24.440000534057614,24.61249923706055,9580000.0,20.804935455322266,NKE
2012-06-27,24.90250015258789,24.375,24.732500076293945,24.52750015258789,11222400.0,20.73308563232422,NKE
2012-06-28,24.6200008392334,23.959999084472656,24.38500022888184,24.22249984741211,23916800.0,20.47527885437012,NKE
2012-06-29,22.625,21.274999618530273,21.959999084472656,21.94499969482422,86339600.0,18.55010223388672,NKE
2012-07-02,22.372499465942386,22.00749969482422,22.09749984741211,22.212499618530273,23501600.0,18.776216506958008,NKE
2012-07-03,22.649999618530273,22.0625,22.342500686645508,22.6200008392334,14998400.0,19.12067413330078,NKE
2012-07-05,23.17499923706055,22.63750076293945,22.67499923706055,23.04999923706055,22257200.0,19.48415756225586,NKE
2012-07-06,23.0575008392334,22.6924991607666,22.90250015258789,22.84499931335449,16196400.0,19.310869216918945,NKE
2012-07-09,22.92499923706055,22.5,22.802499771118164,22.56999969482422,13910000.0,19.078413009643555,NKE
2012-07-10,23.0,22.649999618530273,22.649999618530273,22.82250022888184,14529200.0,19.29184913635254,NKE
2012-07-11,23.10000038146973,22.625,22.917499542236328,23.065000534057614,17389600.0,19.49683952331543,NKE
2012-07-12,23.059999465942386,22.552499771118164,22.979999542236328,22.95499992370605,14964800.0,19.403852462768555,NKE
2012-07-13,23.57250022888184,23.01000022888184,23.065000534057614,23.49250030517578,11396400.0,19.858200073242188,NKE
2012-07-16,23.47249984741211,23.22249984741211,23.45249938964844,23.2549991607666,11684800.0,19.657442092895508,NKE
2012-07-17,23.357500076293945,22.977500915527344,23.1200008392334,23.190000534057614,10660000.0,19.602500915527344,NKE
2012-07-18,23.73500061035156,22.9950008392334,23.122499465942386,23.65749931335449,10964000.0,19.997676849365234,NKE
2012-07-19,23.9950008392334,23.52750015258789,23.79999923706055,23.815000534057614,10861200.0,20.130815505981445,NKE
2012-07-20,23.75,23.26250076293945,23.677499771118164,23.270000457763672,11975200.0,19.670124053955078,NKE
2012-07-23,23.315000534057614,22.834999084472656,23.01250076293945,23.212499618530273,8619200.0,19.621517181396484,NKE
2012-07-24,23.482500076293945,23.102500915527344,23.315000534057614,23.239999771118164,8305200.0,19.644763946533203,NKE
2012-07-25,23.5625,23.274999618530273,23.38500022888184,23.377500534057614,8244800.0,19.76099395751953,NKE
2012-07-26,24.22249984741211,23.57250022888184,23.622499465942386,24.145000457763672,14765600.0,20.409757614135746,NKE
2012-07-27,24.36249923706055,23.90999984741211,24.20499992370605,24.25749969482422,10419600.0,20.50485610961914,NKE
2012-07-30,24.4375,23.872499465942386,24.232500076293945,23.962499618530273,9112800.0,20.2554931640625,NKE
2012-07-31,23.895000457763672,23.3125,23.76000022888184,23.337499618530273,13070000.0,19.727184295654297,NKE
2012-08-01,23.582500457763672,23.190000534057614,23.377500534057614,23.25,9594400.0,19.653217315673828,NKE
2012-08-02,23.247499465942386,22.76000022888184,22.9950008392334,23.13500022888184,10461600.0,19.55601119995117,NKE
2012-08-03,23.65999984741211,23.34499931335449,23.40250015258789,23.64249992370605,8997200.0,19.984996795654297,NKE
2012-08-06,23.934999465942386,23.66250038146973,23.6825008392334,23.8799991607666,6321600.0,20.185754776000977,NKE
2012-08-07,24.29750061035156,23.91250038146973,23.91250038146973,24.042499542236328,8313200.0,20.323118209838867,NKE
2012-08-08,24.052499771118164,23.79999923706055,23.94499969482422,23.97500038146973,8274000.0,20.26605987548828,NKE
2012-08-09,23.99250030517578,23.729999542236328,23.90749931335449,23.76499938964844,9914400.0,20.088542938232425,NKE
2012-08-10,23.7450008392334,23.582500457763672,23.66250038146973,23.625,9284000.0,19.970199584960934,NKE
2012-08-13,23.977500915527344,23.46500015258789,23.57749938964844,23.962499618530273,6880000.0,20.2554931640625,NKE
2012-08-14,24.03499984741211,23.67499923706055,24.03000068664551,23.727500915527344,10998800.0,20.05685043334961,NKE
2012-08-15,23.920000076293945,23.542499542236328,23.72500038146973,23.55500030517578,10466400.0,19.911033630371094,NKE
2012-08-16,23.84749984741211,23.357500076293945,23.552499771118164,23.69499969482422,13942800.0,20.029373168945312,NKE
2012-08-17,24.114999771118164,23.707500457763672,23.75749969482422,24.065000534057614,12295200.0,20.342140197753906,NKE
2012-08-20,24.1924991607666,23.897499084472656,24.05500030517578,23.9424991607666,7441600.0,20.238584518432614,NKE
2012-08-21,24.0674991607666,23.790000915527344,23.982500076293945,23.962499618530273,8553200.0,20.2554931640625,NKE
2012-08-22,23.997499465942386,23.79750061035156,23.94499969482422,23.9424991607666,6465200.0,20.238584518432614,NKE
2012-08-23,23.9950008392334,23.73500061035156,23.920000076293945,23.86249923706055,6762000.0,20.17095947265625,NKE
2012-08-24,24.28249931335449,23.86000061035156,23.86000061035156,24.21500015258789,9764000.0,20.46893119812012,NKE
2012-08-27,24.3125,24.024999618530273,24.229999542236328,24.107500076293945,6921600.0,20.378061294555664,NKE
2012-08-28,24.82250022888184,23.962499618530273,24.052499771118164,24.71750068664551,16471600.0,20.89369010925293,NKE
2012-08-29,24.75,24.552499771118164,24.739999771118164,24.67250061035156,9468000.0,20.855653762817386,NKE
2012-08-30,24.6200008392334,24.38249969482422,24.47249984741211,24.4375,7020400.0,20.96288108825684,NKE
2012-08-31,24.6299991607666,24.23749923706055,24.51749992370605,24.34000015258789,8129200.0,20.87925338745117,NKE
2012-09-04,24.47249984741211,24.059999465942386,24.29750061035156,24.315000534057614,7589200.0,20.857799530029297,NKE
2012-09-05,24.44499969482422,24.24250030517578,24.3799991607666,24.337499618530273,6288000.0,20.87710189819336,NKE
2012-09-06,24.88750076293945,24.36750030517578,24.4375,24.864999771118164,9083600.0,21.329599380493164,NKE
2012-09-07,24.9375,24.71999931335449,24.82999992370605,24.82250022888184,6991600.0,21.293136596679688,NKE
2012-09-10,25.22500038146973,24.75749969482422,24.8125,25.01000022888184,8677600.0,21.453981399536133,NKE
2012-09-11,25.04750061035156,24.77750015258789,24.857500076293945,24.920000076293945,9840000.0,21.376787185668945,NKE
2012-09-12,25.229999542236328,24.85000038146973,24.959999084472656,25.209999084472656,9198000.0,21.625545501708984,NKE
2012-09-13,24.95000076293945,24.5674991607666,24.837499618530273,24.79999923706055,17326000.0,21.273836135864254,NKE
2012-09-14,24.774999618530273,23.97249984741211,24.729999542236328,24.15999984741211,22890400.0,20.724842071533203,NKE
2012-09-17,24.51499938964844,24.020000457763672,24.07999992370605,24.49250030517578,9379200.0,21.01006317138672,NKE
2012-09-18,24.5625,24.26749992370605,24.42499923706055,24.43000030517578,13601200.0,20.956449508666992,NKE
2012-09-19,25.125,24.399999618530273,25.0575008392334,24.415000915527344,18669600.0,20.943580627441406,NKE
2012-09-20,24.60000038146973,24.09499931335449,24.60000038146973,24.18000030517578,12850400.0,20.741994857788086,NKE
2012-09-21,24.38500022888184,24.04999923706055,24.38500022888184,24.1299991607666,13657600.0,20.6991024017334,NKE
2012-09-24,24.087499618530273,23.5,23.899999618530273,23.82999992370605,11824800.0,20.441761016845703,NKE
2012-09-25,24.087499618530273,23.75,23.79750061035156,23.770000457763672,15992400.0,20.390289306640625,NKE
2012-09-26,24.052499771118164,23.582500457763672,23.739999771118164,23.872499465942386,11866000.0,20.478221893310547,NKE
2012-09-27,24.15999984741211,23.66250038146973,23.95000076293945,24.0,19398000.0,20.587587356567386,NKE
2012-09-28,24.045000076293945,23.19750022888184,23.26499938964844,23.727500915527344,27354400.0,20.353836059570312,NKE
2012-10-01,24.04999923706055,23.65500068664551,23.727500915527344,23.88750076293945,11072800.0,20.49108123779297,NKE
2012-10-02,24.04999923706055,23.645000457763672,24.01499938964844,23.73749923706055,11305600.0,20.36241149902344,NKE
2012-10-03,23.88500022888184,23.40500068664551,23.727500915527344,23.45000076293945,14771200.0,20.11578750610352,NKE
2012-10-04,23.989999771118164,23.5,23.582500457763672,23.97249984741211,13058400.0,20.56399345397949,NKE
2012-10-05,24.13249969482422,23.71500015258789,24.03499984741211,23.80500030517578,9247200.0,20.42031478881836,NKE
2012-10-08,23.94750022888184,23.6875,23.752500534057614,23.747499465942386,5638000.0,20.37098693847656,NKE
2012-10-09,23.92250061035156,23.60000038146973,23.727500915527344,23.6200008392334,9778800.0,20.261613845825195,NKE
2012-10-10,23.864999771118164,23.53750038146973,23.71500015258789,23.55500030517578,7208800.0,20.205860137939453,NKE
2012-10-11,23.86750030517578,23.63249969482422,23.65500068664551,23.72500038146973,7937600.0,20.351688385009766,NKE
2012-10-12,23.864999771118164,23.582500457763672,23.76000022888184,23.604999542236328,6537200.0,20.24875259399414,NKE
2012-10-15,23.95499992370605,23.59499931335449,23.667499542236328,23.90250015258789,7527600.0,20.503952026367188,NKE
2012-10-16,24.40250015258789,24.03499984741211,24.06999969482422,24.309999465942386,10012000.0,20.85350799560547,NKE
2012-10-17,24.5,24.227500915527344,24.227500915527344,24.39249992370605,7126000.0,20.924280166625977,NKE
2012-10-18,24.51749992370605,24.2549991607666,24.42499923706055,24.39249992370605,7797600.0,20.924280166625977,NKE
2012-10-19,24.524999618530273,24.024999618530273,24.38500022888184,24.11249923706055,9341200.0,20.6840877532959,NKE
2012-10-22,24.087499618530273,23.45499992370605,23.854999542236328,23.6200008392334,8992800.0,20.261613845825195,NKE
2012-10-23,23.5625,23.1875,23.459999084472656,23.20499992370605,9384400.0,19.90562057495117,NKE
2012-10-24,23.45249938964844,23.114999771118164,23.434999465942386,23.22249984741211,9947600.0,19.920637130737305,NKE
2012-10-25,23.375,22.78249931335449,23.26250076293945,22.82749938964844,10019600.0,19.581796646118164,NKE
2012-10-26,22.837499618530273,22.57999992370605,22.770000457763672,22.78750038146973,12444000.0,19.5474853515625,NKE
2012-10-31,22.94750022888184,22.69499969482422,22.76250076293945,22.84499931335449,9128800.0,19.59680938720703,NKE
2012-11-01,23.899999618530273,22.97500038146973,22.97500038146973,23.837499618530273,14254800.0,20.448192596435547,NKE
2012-11-02,24.184999465942386,23.622499465942386,23.92499923706055,23.63500022888184,7264400.0,20.274486541748047,NKE
2012-11-05,23.8700008392334,23.587499618530273,23.63750076293945,23.815000534057614,5872800.0,20.428895950317386,NKE
2012-11-06,24.03249931335449,23.6875,23.8125,24.03249931335449,7824800.0,20.615467071533203,NKE
2012-11-07,23.96999931335449,23.65500068664551,23.93000030517578,23.66250038146973,7655200.0,20.298080444335934,NKE
2012-11-08,23.649999618530273,22.96500015258789,23.61249923706055,22.96500015258789,10450400.0,19.69974708557129,NKE
2012-11-09,23.25,22.920000076293945,22.92250061035156,23.07749938964844,7748800.0,19.796253204345703,NKE
2012-11-12,23.29999923706055,22.9950008392334,23.125,23.07250022888184,5979200.0,19.791967391967773,NKE
2012-11-13,23.165000915527344,22.75749969482422,22.792499542236328,22.86750030517578,7246000.0,19.61610984802246,NKE
2012-11-14,22.989999771118164,22.412500381469727,22.989999771118164,22.649999618530273,13019200.0,19.42953872680664,NKE
2012-11-15,22.80500030517578,22.51749992370605,22.57250022888184,22.707500457763672,7764400.0,19.478858947753906,NKE
2012-11-16,23.1875,22.85000038146973,22.959999084472656,23.147499084472656,11989200.0,19.856298446655273,NKE
2012-11-19,24.084999084472656,23.364999771118164,23.372499465942386,24.07999992370605,10462400.0,20.65621566772461,NKE
2012-11-20,24.1299991607666,23.8174991607666,24.07999992370605,23.90250015258789,9103200.0,20.503952026367188,NKE
2012-11-21,23.957500457763672,23.739999771118164,23.88999938964844,23.899999618530273,7363600.0,20.50180435180664,NKE
2012-11-23,24.190000534057614,23.96999931335449,24.0,24.1875,3352400.0,20.74842643737793,NKE
2012-11-26,24.420000076293945,23.84499931335449,23.8700008392334,24.415000915527344,12052800.0,20.943580627441406,NKE
2012-11-27,24.5,24.01250076293945,24.01250076293945,24.252500534057614,8537200.0,20.80418586730957,NKE
2012-11-28,24.790000915527344,24.149999618530273,24.149999618530273,24.78249931335449,8613600.0,21.258827209472656,NKE
2012-11-29,25.082500457763672,24.70000076293945,24.895000457763672,24.74250030517578,9744000.0,21.224515914916992,NKE
2012-11-30,24.6299991607666,24.227500915527344,24.614999771118164,24.3700008392334,12670000.0,20.904977798461914,NKE
2012-12-03,24.727500915527344,24.272499084472656,24.415000915527344,24.38999938964844,8688000.0,20.92213249206543,NKE
2012-12-04,24.59499931335449,24.3075008392334,24.40749931335449,24.417499542236328,7028400.0,20.94572639465332,NKE
2012-12-05,24.520000457763672,24.15250015258789,24.479999542236328,24.420000076293945,6764400.0,20.94786834716797,NKE
2012-12-06,24.670000076293945,24.3075008392334,24.36750030517578,24.604999542236328,9092000.0,21.475927352905273,NKE
2012-12-07,24.747499465942386,24.4325008392334,24.727500915527344,24.647499084472656,7418000.0,21.51302719116211,NKE
2012-12-10,24.82749938964844,24.4950008392334,24.667499542236328,24.520000457763672,7276800.0,21.401744842529297,NKE
2012-12-11,24.875,24.459999084472656,24.5,24.852500915527344,9234400.0,21.69195938110352,NKE
2012-12-12,25.0,24.649999618530273,24.85000038146973,24.79999923706055,10656000.0,21.64613342285156,NKE
2012-12-13,24.89249992370605,24.26000022888184,24.772499084472656,24.332500457763672,7445200.0,21.23808479309082,NKE
2012-12-14,24.47249984741211,24.212499618530273,24.28249931335449,24.227500915527344,8662000.0,21.146442413330078,NKE
2012-12-17,24.522499084472656,24.20000076293945,24.302499771118164,24.497499465942386,8369600.0,21.382099151611328,NKE
2012-12-18,24.7450008392334,24.4325008392334,24.51749992370605,24.729999542236328,7871600.0,21.585033416748047,NKE
2012-12-19,24.79999923706055,24.4424991607666,24.729999542236328,24.44499969482422,7879200.0,21.336278915405273,NKE
2012-12-20,24.76250076293945,24.302499771118164,24.53000068664551,24.75,12000000.0,21.602489471435547,NKE
2012-12-21,26.3700008392334,25.290000915527344,25.625,26.274999618530273,27894800.0,22.933551788330078,NKE
2012-12-24,26.5575008392334,26.09000015258789,26.13999938964844,26.399999618530273,11999200.0,23.042654037475586,NKE
2012-12-26,26.25,25.59499931335449,26.024999618530273,25.665000915527344,8090400.0,22.40113639831543,NKE
2012-12-27,25.96999931335449,25.46500015258789,25.61000061035156,25.8799991607666,7850400.0,22.58878517150879,NKE
2012-12-28,25.86000061035156,25.4950008392334,25.72500038146973,25.4950008392334,6432400.0,22.25275039672852,NKE
2012-12-31,25.81999969482422,25.295000076293945,25.415000915527344,25.79999923706055,6807400.0,22.51896095275879,NKE
2013-01-02,26.239999771118164,25.70000076293945,26.20000076293945,25.920000076293945,7512800.0,22.62369537353516,NKE
2013-01-03,26.29999923706055,25.88999938964844,25.97500038146973,26.184999465942386,7232200.0,22.855003356933594,NKE
2013-01-04,26.520000457763672,26.23500061035156,26.25,26.440000534057614,6794000.0,23.07756996154785,NKE
2013-01-07,26.540000915527344,26.26499938964844,26.395000457763672,26.479999542236328,6489400.0,23.11248588562012,NKE
2013-01-08,26.46999931335449,26.09499931335449,26.36000061035156,26.20000076293945,6714200.0,22.86809539794922,NKE
2013-01-09,26.3700008392334,26.15500068664551,26.28499984741211,26.22500038146973,5530400.0,22.889911651611328,NKE
2013-01-10,26.440000534057614,26.084999084472656,26.315000534057614,26.274999618530273,7705600.0,22.933551788330078,NKE
2013-01-11,26.709999084472656,26.15500068664551,26.32999992370605,26.54999923706055,9791000.0,23.173583984375,NKE
2013-01-14,26.739999771118164,26.5049991607666,26.59499931335449,26.59499931335449,5591800.0,23.21286582946777,NKE
2013-01-15,26.875,26.44499969482422,26.520000457763672,26.81999969482422,6507200.0,23.40924835205078,NKE
2013-01-16,27.0,26.6200008392334,26.76000022888184,26.864999771118164,5300200.0,23.448522567749023,NKE
2013-01-17,26.98500061035156,26.65500068664551,26.895000457763672,26.739999771118164,4864800.0,23.33941650390625,NKE
2013-01-18,26.78499984741211,26.489999771118164,26.73500061035156,26.645000457763672,6145400.0,23.256500244140625,NKE
2013-01-22,26.7549991607666,26.524999618530273,26.709999084472656,26.739999771118164,6207600.0,23.33941650390625,NKE
2013-01-23,26.68000030517578,26.40500068664551,26.56999969482422,26.545000076293945,6779200.0,23.169219970703125,NKE
2013-01-24,26.940000534057614,26.57999992370605,26.59499931335449,26.93000030517578,6819800.0,23.505258560180664,NKE
2013-01-25,27.78499984741211,26.9950008392334,27.065000534057614,27.774999618530273,12542800.0,24.2427978515625,NKE
2013-01-28,27.76000022888184,27.15999984741211,27.70000076293945,27.25,8038200.0,23.78456115722656,NKE
2013-01-29,27.229999542236328,26.940000534057614,27.19499969482422,26.959999084472656,7214800.0,23.531442642211914,NKE
2013-01-30,27.07999992370605,26.78000068664551,26.98500061035156,26.80500030517578,6343000.0,23.39615249633789,NKE
2013-01-31,27.13999938964844,26.71999931335449,26.809999465942386,27.024999618530273,9143800.0,23.588176727294922,NKE
2013-02-01,27.36000061035156,26.79999923706055,27.229999542236328,26.85000038146973,6773400.0,23.43542861938477,NKE
2013-02-04,27.1299991607666,26.75,26.795000076293945,26.82999992370605,5075800.0,23.4179744720459,NKE
2013-02-05,27.15500068664551,26.93000030517578,26.96999931335449,26.94499969482422,4527200.0,23.51834487915039,NKE
2013-02-06,27.184999465942386,26.75,26.84000015258789,27.07999992370605,5297000.0,23.63617706298828,NKE
2013-02-07,27.36000061035156,27.03499984741211,27.114999771118164,27.34000015258789,5573000.0,23.863121032714844,NKE
2013-02-08,27.59499931335449,27.239999771118164,27.28499984741211,27.295000076293945,5100800.0,23.823841094970703,NKE
2013-02-11,27.95000076293945,27.364999771118164,27.63999938964844,27.61000061035156,8916600.0,24.09877967834473,NKE
2013-02-12,27.604999542236328,27.395000457763672,27.45000076293945,27.545000076293945,3866600.0,24.04204750061035,NKE
2013-02-13,27.684999465942386,27.20499992370605,27.51499938964844,27.28000068664551,6053800.0,23.81074523925781,NKE
2013-02-14,27.4950008392334,27.15999984741211,27.28499984741211,27.309999465942386,6164200.0,23.83693504333496,NKE
2013-02-15,27.56999969482422,27.26000022888184,27.34499931335449,27.47500038146973,7056200.0,23.98094940185547,NKE
2013-02-19,27.57999992370605,27.145000457763672,27.44499969482422,27.23500061035156,8511200.0,23.77147102355957,NKE
2013-02-20,27.32999992370605,26.9950008392334,27.20000076293945,27.01000022888184,7587200.0,23.57508850097656,NKE
2013-02-21,27.520000457763672,27.059999465942386,27.415000915527344,27.270000457763672,9355800.0,23.80201911926269,NKE
2013-02-22,27.440000534057614,27.0,27.29999923706055,27.23500061035156,5855000.0,23.77147102355957,NKE
2013-02-25,27.4950008392334,27.020000457763672,27.270000457763672,27.020000457763672,8566000.0,23.58381271362305,NKE
2013-02-26,27.3700008392334,26.96999931335449,27.20499992370605,27.13500022888184,6085200.0,23.684186935424805,NKE
2013-02-27,27.26000022888184,26.979999542236328,27.07999992370605,27.170000076293945,6269200.0,23.71473693847656,NKE
2013-02-28,27.36000061035156,27.0,27.1299991607666,27.229999542236328,6713600.0,23.95223617553711,NKE
2013-03-01,27.415000915527344,27.09000015258789,27.209999084472656,27.40999984741211,8053400.0,24.11056709289551,NKE
2013-03-04,27.45000076293945,27.20499992370605,27.274999618530273,27.364999771118164,5291800.0,24.070985794067386,NKE
2013-03-05,27.5,27.26000022888184,27.45000076293945,27.45000076293945,8098000.0,24.145751953125,NKE
2013-03-06,27.80500030517578,27.35000038146973,27.479999542236328,27.649999618530273,5812000.0,24.32167816162109,NKE
2013-03-07,27.82500076293945,27.56999969482422,27.70000076293945,27.61000061035156,5685200.0,24.2864933013916,NKE
2013-03-08,27.614999771118164,27.25,27.559999465942386,27.34499931335449,8013000.0,24.05339050292969,NKE
2013-03-11,27.31999969482422,27.07999992370605,27.28499984741211,27.26499938964844,6754800.0,23.983020782470703,NKE
2013-03-12,27.084999084472656,26.63500022888184,26.85000038146973,26.7450008392334,12341600.0,23.525617599487305,NKE
2013-03-13,27.4950008392334,26.79999923706055,26.80500030517578,27.42499923706055,8185400.0,24.12375831604004,NKE
2013-03-14,27.45000076293945,27.170000076293945,27.420000076293945,27.34499931335449,6910800.0,24.05339050292969,NKE
2013-03-15,27.42499923706055,27.145000457763672,27.334999084472656,27.38999938964844,8121000.0,24.09297180175781,NKE
2013-03-18,27.32999992370605,27.040000915527344,27.21500015258789,27.07999992370605,5079400.0,23.82028579711914,NKE
2013-03-19,27.21999931335449,26.770000457763672,27.145000457763672,26.915000915527344,6628400.0,23.675151824951172,NKE
2013-03-20,27.440000534057614,27.03000068664551,27.03499984741211,27.415000915527344,7941800.0,24.11496734619141,NKE
2013-03-21,27.36000061035156,26.76499938964844,27.229999542236328,26.79999923706055,15896200.0,23.57399177551269,NKE
2013-03-22,30.125,28.934999465942386,29.0,29.76499938964844,38657400.0,26.182090759277344,NKE
2013-03-25,29.989999771118164,29.51499938964844,29.69499969482422,29.78000068664551,13317400.0,26.19528388977051,NKE
2013-03-26,29.815000534057614,29.45000076293945,29.67499923706055,29.73500061035156,8948600.0,26.155691146850586,NKE
2013-03-27,29.649999618530273,29.06999969482422,29.51000022888184,29.22500038146973,10445000.0,25.707090377807614,NKE
2013-03-28,29.65500068664551,29.22500038146973,29.479999542236328,29.5049991607666,7612400.0,25.95338630676269,NKE
2013-04-01,29.59499931335449,28.989999771118164,29.5,29.1299991607666,6969800.0,25.62352752685547,NKE
2013-04-02,29.69499969482422,29.18000030517578,29.184999465942386,29.45000076293945,9330600.0,25.90500068664551,NKE
2013-04-03,29.76499938964844,29.28000068664551,29.60000038146973,29.45499992370605,7626600.0,25.90940284729004,NKE
2013-04-04,29.75,29.3700008392334,29.395000457763672,29.670000076293945,4999400.0,26.098529815673828,NKE
2013-04-05,29.520000457763672,29.165000915527344,29.290000915527344,29.48500061035156,6189800.0,25.9357967376709,NKE
2013-04-08,29.97500038146973,29.40999984741211,29.44499969482422,29.97500038146973,8013200.0,26.366811752319336,NKE
2013-04-09,30.065000534057614,29.645000457763672,29.90999984741211,29.94499969482422,6675000.0,26.34042549133301,NKE
2013-04-10,30.274999618530273,29.959999084472656,29.959999084472656,30.145000457763672,5951000.0,26.51634979248047,NKE
2013-04-11,30.690000534057614,30.15500068664551,30.184999465942386,30.60000038146973,8789400.0,26.916582107543945,NKE
2013-04-12,30.614999771118164,30.21500015258789,30.53499984741211,30.290000915527344,5538800.0,26.643896102905273,NKE
2013-04-15,30.46500015258789,29.834999084472656,30.229999542236328,29.834999084472656,6662600.0,26.2436637878418,NKE
2013-04-16,30.26499938964844,29.834999084472656,30.01499938964844,30.25,5960600.0,26.60870933532715,NKE
2013-04-17,30.65500068664551,30.0049991607666,30.084999084472656,30.45000076293945,10434800.0,26.784631729125977,NKE
2013-04-18,30.60000038146973,29.85000038146973,30.48500061035156,30.09000015258789,6016400.0,26.46796417236328,NKE
2013-04-19,30.520000457763672,30.13500022888184,30.290000915527344,30.459999084472656,6768400.0,26.79342460632324,NKE
2013-04-22,30.7450008392334,30.315000534057614,30.545000076293945,30.68000030517578,5968600.0,26.98694610595703,NKE
2013-04-23,30.96500015258789,30.6200008392334,30.809999465942386,30.84000015258789,6119600.0,27.127687454223636,NKE
2013-04-24,31.0,30.70000076293945,30.92499923706055,30.76499938964844,4168000.0,27.06171226501465,NKE
2013-04-25,31.2450008392334,30.78499984741211,30.809999465942386,31.03499984741211,4367600.0,27.299211502075195,NKE
2013-04-26,31.23500061035156,30.790000915527344,31.07999992370605,30.94499969482422,4825600.0,27.22004699707031,NKE
2013-04-29,31.40500068664551,30.809999465942386,31.0,31.315000534057614,5841600.0,27.545513153076172,NKE
2013-04-30,31.88500022888184,31.32999992370605,31.364999771118164,31.79999923706055,10094800.0,27.972129821777344,NKE
2013-05-01,32.14500045776367,31.60000038146973,31.78000068664551,31.68000030517578,7924400.0,27.8665771484375,NKE
2013-05-02,31.78499984741211,31.47500038146973,31.75,31.65999984741211,5605400.0,27.848979949951172,NKE
2013-05-03,32.47999954223633,31.84000015258789,31.84000015258789,32.275001525878906,6950800.0,28.38995361328125,NKE
2013-05-06,32.275001525878906,31.88999938964844,32.200000762939446,31.979999542236328,4750200.0,28.130460739135746,NKE
2013-05-07,32.185001373291016,31.90500068664551,32.095001220703125,31.95499992370605,6298000.0,28.10846519470215,NKE
2013-05-08,32.05500030517578,31.834999084472656,31.85000038146973,31.95000076293945,6259000.0,28.10407638549805,NKE
2013-05-09,32.264999389648445,31.82500076293945,31.95000076293945,31.8700008392334,4433800.0,28.0337028503418,NKE
2013-05-10,32.39500045776367,31.834999084472656,31.93000030517578,32.380001068115234,6645600.0,28.482311248779297,NKE
2013-05-13,32.400001525878906,32.15999984741211,32.255001068115234,32.325000762939446,3780600.0,28.43393898010254,NKE
2013-05-14,32.990001678466804,32.264999389648445,32.264999389648445,32.955001831054695,8277200.0,28.988100051879886,NKE
2013-05-15,33.0,32.72499847412109,32.889999389648445,32.915000915527344,5286200.0,28.95291328430176,NKE
2013-05-16,33.03499984741211,32.080001831054695,32.880001068115234,32.220001220703125,7688600.0,28.341571807861328,NKE
2013-05-17,32.720001220703125,32.200000762939446,32.235000610351555,32.65999984741211,6219200.0,28.72860336303711,NKE
2013-05-20,32.75,32.525001525878906,32.634998321533196,32.665000915527344,5461800.0,28.733007431030273,NKE
2013-05-21,32.72499847412109,32.490001678466804,32.669998168945305,32.615001678466804,6465400.0,28.689027786254886,NKE
2013-05-22,32.78499984741211,32.044998168945305,32.61999893188477,32.22499847412109,8295200.0,28.34596824645996,NKE
2013-05-23,32.075000762939446,31.545000076293945,31.989999771118164,31.665000915527344,8626400.0,27.85337829589844,NKE
2013-05-24,31.434999465942386,30.78000068664551,31.334999084472656,31.395000457763672,7517400.0,27.615880966186523,NKE
2013-05-28,32.05500030517578,31.520000457763672,31.78499984741211,31.63999938964844,7784000.0,27.83138656616211,NKE
2013-05-29,31.584999084472656,31.20000076293945,31.45499992370605,31.46500015258789,5521200.0,27.677453994750977,NKE
2013-05-30,31.649999618530273,31.19499969482422,31.47500038146973,31.20499992370605,5955200.0,27.633174896240234,NKE
2013-05-31,31.56999969482422,30.82999992370605,31.10000038146973,30.82999992370605,7460400.0,27.301105499267575,NKE
2013-06-03,31.540000915527344,30.55500030517578,30.79999923706055,31.51499938964844,10141200.0,27.907697677612305,NKE
2013-06-04,31.78499984741211,31.15500068664551,31.625,31.38999938964844,6785400.0,27.797008514404297,NKE
2013-06-05,31.46999931335449,30.79999923706055,31.29999923706055,30.875,6205400.0,27.340953826904297,NKE
2013-06-06,31.09000015258789,30.604999542236328,30.8700008392334,31.07999992370605,4761400.0,27.52248191833496,NKE
2013-06-07,31.545000076293945,31.125,31.239999771118164,31.375,5332000.0,27.78371620178223,NKE
2013-06-10,31.739999771118164,31.3700008392334,31.45499992370605,31.520000457763672,5479000.0,27.9121208190918,NKE
2013-06-11,31.46999931335449,30.98500061035156,31.149999618530273,31.07500076293945,5540400.0,27.51805877685547,NKE
2013-06-12,31.28499984741211,30.67499923706055,31.28499984741211,30.70499992370605,5442600.0,27.19040679931641,NKE
2013-06-13,30.959999084472656,30.51499938964844,30.649999618530273,30.8799991607666,7832600.0,27.345378875732425,NKE
2013-06-14,31.20000076293945,30.80500030517578,30.815000534057614,30.94499969482422,5222400.0,27.402935028076172,NKE
2013-06-17,31.36000061035156,30.90999984741211,31.190000534057614,30.96999931335449,7512800.0,27.42507743835449,NKE
2013-06-18,31.125,30.809999465942386,30.920000076293945,31.07500076293945,9068800.0,27.51805877685547,NKE
2013-06-19,31.170000076293945,30.864999771118164,31.06999969482422,30.875,9223600.0,27.340953826904297,NKE
2013-06-20,30.815000534057614,30.31999969482422,30.665000915527344,30.38999938964844,9824200.0,26.91146469116211,NKE
2013-06-21,30.690000534057614,30.03499984741211,30.40999984741211,30.28499984741211,10089200.0,26.81847953796387,NKE
2013-06-24,30.2549991607666,29.55500030517578,30.07999992370605,29.97500038146973,9489400.0,26.54397010803223,NKE
2013-06-25,30.4950008392334,29.97500038146973,30.209999084472656,30.19499969482422,10896400.0,26.738784790039066,NKE
2013-06-26,31.059999465942386,30.395000457763672,30.43000030517578,30.92499923706055,11376800.0,27.38522911071777,NKE
2013-06-27,31.625,31.065000534057614,31.434999465942386,31.15999984741211,12282800.0,27.59333229064941,NKE
2013-06-28,32.03499984741211,30.09000015258789,30.96999931335449,31.84000015258789,26803800.0,28.19549369812012,NKE
2013-07-01,32.294998168945305,31.10000038146973,31.96999931335449,31.165000915527344,14398800.0,27.597755432128906,NKE
2013-07-02,31.540000915527344,30.95000076293945,30.96500015258789,31.309999465942386,7402400.0,27.726154327392575,NKE
2013-07-03,31.46999931335449,31.04999923706055,31.1200008392334,31.43000030517578,3375600.0,27.83242034912109,NKE
2013-07-05,31.915000915527344,31.57500076293945,31.57999992370605,31.81999969482422,5157800.0,28.17778968811035,NKE
2013-07-08,32.330001831054695,31.739999771118164,32.0,31.86000061035156,6981600.0,28.21320343017578,NKE
2013-07-09,32.139999389648445,31.70000076293945,32.0,31.96500015258789,6989200.0,28.30618476867676,NKE
2013-07-10,31.95499992370605,31.65999984741211,31.95499992370605,31.79999923706055,5101800.0,28.16006851196289,NKE
2013-07-11,32.220001220703125,31.71999931335449,32.09999847412109,31.86000061035156,7146000.0,28.21320343017578,NKE
2013-07-12,31.915000915527344,31.7450008392334,31.815000534057614,31.834999084472656,4424000.0,28.191070556640625,NKE
2013-07-15,31.82500076293945,31.625,31.729999542236328,31.67499923706055,5761800.0,28.04938316345215,NKE
2013-07-16,31.73500061035156,31.23500061035156,31.56999969482422,31.35000038146973,6858200.0,27.761587142944336,NKE
2013-07-17,31.834999084472656,31.28499984741211,31.29999923706055,31.665000915527344,6247600.0,28.04051971435547,NKE
2013-07-18,31.88999938964844,31.45000076293945,31.6200008392334,31.65999984741211,4486800.0,28.03609275817871,NKE
2013-07-19,31.795000076293945,31.540000915527344,31.625,31.67499923706055,5919400.0,28.04938316345215,NKE
2013-07-22,31.78499984741211,31.420000076293945,31.55500030517578,31.645000457763672,5581600.0,28.022815704345703,NKE
2013-07-23,31.790000915527344,31.56999969482422,31.76000022888184,31.59499931335449,4289600.0,27.97854042053223,NKE
2013-07-24,31.71500015258789,31.28499984741211,31.59499931335449,31.315000534057614,4705400.0,27.73058891296387,NKE
2013-07-25,31.44499969482422,31.10000038146973,31.375,31.2450008392334,8911400.0,27.66860198974609,NKE
2013-07-26,31.29999923706055,31.01499938964844,31.024999618530273,31.26499938964844,5517800.0,27.68630409240723,NKE
2013-07-29,31.395000457763672,31.125,31.125,31.354999542236328,5075600.0,27.766008377075195,NKE
2013-07-30,31.54999923706055,31.31999969482422,31.32500076293945,31.42499923706055,6399600.0,27.827991485595703,NKE
2013-07-31,31.75,31.38500022888184,31.559999465942386,31.459999084472656,8461800.0,27.858989715576172,NKE
2013-08-01,33.05500030517578,31.6200008392334,31.6200008392334,32.985000610351555,15813200.0,29.209428787231445,NKE
2013-08-02,33.30500030517578,32.705001831054695,32.99499893188477,33.150001525878906,7499800.0,29.355548858642575,NKE
2013-08-05,33.27000045776367,33.080001831054695,33.09999847412109,33.200000762939446,4213000.0,29.39982795715332,NKE
2013-08-06,33.424999237060554,32.939998626708984,33.154998779296875,33.27000045776367,6244000.0,29.46181678771973,NKE
2013-08-07,33.11999893188477,32.80500030517578,33.06999969482422,32.814998626708984,5888800.0,29.05889129638672,NKE
2013-08-08,33.22499847412109,32.889999389648445,33.029998779296875,33.025001525878906,5057400.0,29.244855880737305,NKE
2013-08-09,33.36999893188477,32.919998168945305,32.959999084472656,33.154998779296875,5644800.0,29.35997772216797,NKE
2013-08-12,33.299999237060554,33.025001525878906,33.044998168945305,33.255001068115234,4401800.0,29.448530197143555,NKE
2013-08-13,33.375,32.845001220703125,33.30500030517578,32.904998779296875,4299400.0,29.138586044311523,NKE
2013-08-14,32.830001831054695,32.115001678466804,32.764999389648445,32.174999237060554,5961800.0,28.49214744567871,NKE
2013-08-15,32.0,31.57999992370605,31.88999938964844,31.7450008392334,6227000.0,28.11136817932129,NKE
2013-08-16,32.154998779296875,31.670000076293945,31.71999931335449,31.82500076293945,5261200.0,28.18221473693848,NKE
2013-08-19,32.55500030517578,31.75,31.85000038146973,32.35499954223633,7749600.0,28.65154457092285,NKE
2013-08-20,32.85499954223633,32.154998779296875,32.275001525878906,32.314998626708984,7668400.0,28.61612319946289,NKE
2013-08-21,32.49499893188477,32.02000045776367,32.28499984741211,32.064998626708984,4770400.0,28.39473533630371,NKE
2013-08-22,32.584999084472656,31.95000076293945,32.049999237060554,32.43000030517578,5056000.0,28.71795654296875,NKE
2013-08-23,32.610000610351555,31.95000076293945,32.584999084472656,32.10499954223633,8044600.0,28.43016242980957,NKE
2013-08-26,32.264999389648445,31.959999084472656,32.09999847412109,31.959999084472656,5472400.0,28.30175590515137,NKE
2013-08-27,31.8700008392334,31.395000457763672,31.6299991607666,31.40500068664551,4870800.0,27.810285568237305,NKE
2013-08-28,31.85000038146973,31.32500076293945,31.36000061035156,31.684999465942386,6044000.0,28.05823516845703,NKE
2013-08-29,31.93000030517578,31.440000534057614,31.4950008392334,31.739999771118164,4600000.0,28.294469833374023,NKE
2013-08-30,31.895000457763672,31.29999923706055,31.854999542236328,31.40999984741211,5851000.0,28.00029373168945,NKE
2013-09-03,32.450000762939446,31.75,31.80500030517578,32.14500045776367,8214000.0,28.65550422668457,NKE
2013-09-04,32.740001678466804,32.150001525878906,32.165000915527344,32.564998626708984,7101400.0,29.02991104125977,NKE
2013-09-05,32.790000915527344,32.345001220703125,32.5,32.689998626708984,5271600.0,29.141340255737305,NKE
2013-09-06,32.775001525878906,32.084999084472656,32.700000762939446,32.490001678466804,4632600.0,28.963054656982425,NKE
2013-09-09,32.794998168945305,32.46500015258789,32.529998779296875,32.700000762939446,4147800.0,29.15025329589844,NKE
2013-09-10,33.490001678466804,32.97999954223633,33.34999847412109,33.40999984741211,13380000.0,29.783185958862305,NKE
2013-09-11,33.90999984741211,33.40999984741211,33.490001678466804,33.794998168945305,9112400.0,30.12638282775879,NKE
2013-09-12,34.450000762939446,33.900001525878906,33.97999954223633,34.040000915527344,8249800.0,30.34479522705078,NKE
2013-09-13,34.06999969482422,33.595001220703125,33.950000762939446,33.955001831054695,6584600.0,30.269023895263672,NKE
2013-09-16,34.40999984741211,33.955001831054695,34.375,34.095001220703125,5337600.0,30.393821716308594,NKE
2013-09-17,34.334999084472656,33.990001678466804,34.09000015258789,34.15999984741211,7752400.0,30.451763153076172,NKE
2013-09-18,34.924999237060554,33.96500015258789,33.985000610351555,34.740001678466804,8548000.0,30.96880340576172,NKE
2013-09-19,35.279998779296875,34.404998779296875,34.884998321533196,34.75,14627600.0,30.97772026062012,NKE
2013-09-20,34.75,34.049999237060554,34.59999847412109,34.685001373291016,37157000.0,30.91977882385254,NKE
2013-09-23,34.775001525878906,34.02000045776367,34.55500030517578,34.490001678466804,11022000.0,30.74594306945801,NKE
2013-09-24,34.860000610351555,34.595001220703125,34.720001220703125,34.71500015258789,7432800.0,30.946516036987305,NKE
2013-09-25,34.764999389648445,34.36999893188477,34.71500015258789,34.459999084472656,7883200.0,30.719202041625977,NKE
2013-09-26,35.24499893188477,34.575000762939446,34.615001678466804,35.169998168945305,13765000.0,31.35212135314941,NKE
2013-09-27,37.625,36.67499923706055,37.40999984741211,36.81999969482422,31182000.0,32.82301712036133,NKE
2013-09-30,36.584999084472656,36.08000183105469,36.150001525878906,36.31999969482422,14796400.0,32.37728500366211,NKE
2013-10-01,36.625,36.0099983215332,36.52000045776367,36.209999084472656,10444400.0,32.279220581054695,NKE
2013-10-02,36.13000106811523,35.79499816894531,36.02000045776367,35.94499969482422,8751600.0,32.042991638183594,NKE
2013-10-03,36.25,35.529998779296875,35.94499969482422,35.81999969482422,7144600.0,31.931560516357425,NKE
2013-10-04,36.17499923706055,35.65999984741211,35.8849983215332,36.06999969482422,7168200.0,32.154430389404304,NKE
2013-10-07,35.98500061035156,35.650001525878906,35.70500183105469,35.66999816894531,5172800.0,31.79784393310547,NKE
2013-10-08,36.31499862670898,35.09000015258789,35.72999954223633,35.139999389648445,7514200.0,31.32538604736328,NKE
2013-10-09,35.73500061035156,34.97999954223633,35.2599983215332,35.44499969482422,9282200.0,31.597267150878906,NKE
2013-10-10,36.724998474121094,35.970001220703125,36.07500076293945,36.72000122070313,11104800.0,32.73386383056641,NKE
2013-10-11,36.8650016784668,36.43999862670898,36.73500061035156,36.72999954223633,10792200.0,32.742782592773445,NKE
2013-10-14,37.084999084472656,36.38999938964844,36.474998474121094,37.02999877929688,6199800.0,33.01020050048828,NKE
2013-10-15,37.185001373291016,36.70500183105469,36.95000076293945,36.85499954223633,7951200.0,32.85421371459961,NKE
2013-10-16,37.310001373291016,36.86000061035156,37.04499816894531,37.2599983215332,8751600.0,33.21524429321289,NKE
2013-10-17,37.32500076293945,37.040000915527344,37.17499923706055,37.27000045776367,9384400.0,33.22416305541992,NKE
2013-10-18,37.99499893188477,37.1349983215332,37.275001525878906,37.96500015258789,9830800.0,33.843711853027344,NKE
2013-10-21,38.185001373291016,37.75,37.94499969482422,38.04499816894531,9992600.0,33.915027618408196,NKE
2013-10-22,38.24499893188477,37.7599983215332,38.05500030517578,37.97999954223633,6818800.0,33.85707855224609,NKE
2013-10-23,37.97000122070313,37.55500030517578,37.77000045776367,37.77999877929688,4762000.0,33.678794860839844,NKE
2013-10-24,37.88999938964844,37.61999893188477,37.80500030517578,37.75500106811523,5626400.0,33.656517028808594,NKE
2013-10-25,38.18000030517578,37.67499923706055,37.77999877929688,37.849998474121094,6889000.0,33.741195678710945,NKE
2013-10-28,37.9900016784668,37.685001373291016,37.875,37.75500106811523,6136800.0,33.656517028808594,NKE
2013-10-29,38.09000015258789,37.77000045776367,37.88999938964844,37.95500183105469,4201000.0,33.834800720214844,NKE
2013-10-30,38.44499969482422,37.974998474121094,38.30500030517578,38.06499862670898,6314200.0,33.93285751342773,NKE
2013-10-31,38.1349983215332,37.56999969482422,38.02000045776367,37.88000106811523,8184400.0,33.767940521240234,NKE
2013-11-01,38.21500015258789,37.82500076293945,37.900001525878906,38.02999877929688,4221600.0,33.90167236328125,NKE
2013-11-04,38.27000045776367,37.81499862670898,38.165000915527344,38.185001373291016,3609200.0,34.03983688354492,NKE
2013-11-05,38.65999984741211,37.93999862670898,38.02000045776367,38.599998474121094,6320400.0,34.40977096557617,NKE
2013-11-06,38.83000183105469,38.07500076293945,38.83000183105469,38.38000106811523,3945400.0,34.21365737915039,NKE
2013-11-07,38.650001525878906,37.83000183105469,38.599998474121094,37.849998474121094,6250800.0,33.741195678710945,NKE
2013-11-08,38.56999969482422,37.790000915527344,37.79499816894531,38.560001373291016,5821600.0,34.374130249023445,NKE
2013-11-11,38.68000030517578,38.36000061035156,38.650001525878906,38.58000183105469,3523200.0,34.391952514648445,NKE
2013-11-12,38.63000106811523,38.20000076293945,38.5,38.435001373291016,4327400.0,34.26270294189453,NKE
2013-11-13,38.94499969482422,38.22999954223633,38.27000045776367,38.92499923706055,4802200.0,34.69950485229492,NKE
2013-11-14,39.40499877929688,38.94499969482422,39.1150016784668,39.31999969482422,4764200.0,35.05161666870117,NKE
2013-11-15,39.63999938964844,39.125,39.19499969482422,39.61000061035156,5774000.0,35.310142517089844,NKE
2013-11-18,39.70000076293945,39.165000915527344,39.70000076293945,39.290000915527344,5693200.0,35.02488327026367,NKE
2013-11-19,39.31499862670898,38.775001525878906,39.20500183105469,38.90499877929688,6443200.0,34.68166732788086,NKE
2013-11-20,39.29999923706055,38.8650016784668,39.0,38.91999816894531,5893000.0,34.695053100585945,NKE
2013-11-21,39.11000061035156,38.70500183105469,38.90999984741211,39.04499816894531,4669400.0,34.80647659301758,NKE
2013-11-22,39.4900016784668,38.9900016784668,39.22999954223633,39.435001373291016,7035600.0,35.15414047241211,NKE
2013-11-25,39.80500030517578,39.43999862670898,39.52999877929688,39.56499862670898,4583400.0,35.270023345947266,NKE
2013-11-26,39.935001373291016,39.58000183105469,39.8849983215332,39.79999923706055,7360400.0,35.4795036315918,NKE
2013-11-27,39.915000915527344,39.54499816894531,39.84500122070313,39.665000915527344,3734200.0,35.35918426513672,NKE
2013-11-29,39.88000106811523,39.540000915527344,39.790000915527344,39.56999969482422,3475200.0,35.27448654174805,NKE
2013-12-02,40.06999969482422,39.459999084472656,39.73500061035156,39.54499816894531,6467800.0,35.252197265625,NKE
2013-12-03,39.74499893188477,39.29999923706055,39.44499969482422,39.56499862670898,5129200.0,35.270023345947266,NKE
2013-12-04,39.59000015258789,39.13000106811523,39.45000076293945,39.40999984741211,4833200.0,35.13185501098633,NKE
2013-12-05,39.66999816894531,39.31499862670898,39.49499893188477,39.474998474121094,5493400.0,35.18978881835937,NKE
2013-12-06,39.94499969482422,39.63000106811523,39.810001373291016,39.93000030517578,3894000.0,35.59539794921875,NKE
2013-12-09,40.13000106811523,39.834999084472656,39.96500015258789,39.88999938964844,4299200.0,35.559749603271484,NKE
2013-12-10,39.83000183105469,39.55500030517578,39.67499923706055,39.61000061035156,5393800.0,35.310142517089844,NKE
2013-12-11,39.5099983215332,38.3650016784668,39.459999084472656,38.41999816894531,13311600.0,34.24932098388672,NKE
2013-12-12,38.459999084472656,37.709999084472656,38.459999084472656,38.1150016784668,10826000.0,34.19102096557617,NKE
2013-12-13,38.39500045776367,38.11999893188477,38.17499923706055,38.20000076293945,7562200.0,34.267269134521484,NKE
2013-12-16,38.54999923706055,38.13999938964844,38.45500183105469,38.22000122070313,9731000.0,34.28520965576172,NKE
2013-12-17,38.625,38.20000076293945,38.47000122070313,38.38000106811523,13980600.0,34.42873001098633,NKE
2013-12-18,39.290000915527344,38.474998474121094,38.5,39.275001525878906,10814400.0,35.23158264160156,NKE
2013-12-19,39.375,38.88000106811523,39.28499984741211,39.13000106811523,10294600.0,35.101516723632805,NKE
2013-12-20,38.849998474121094,38.31999969482422,38.72000122070313,38.66999816894531,20442600.0,34.68887710571289,NKE
2013-12-23,38.72000122070313,38.34500122070313,38.54499816894531,38.55500030517578,9376800.0,34.58571243286133,NKE
2013-12-24,38.900001525878906,38.60499954223633,38.61000061035156,38.83000183105469,2782600.0,34.832412719726555,NKE
2013-12-26,39.22999954223633,38.849998474121094,38.86999893188477,39.09500122070313,4609800.0,35.070125579833984,NKE
2013-12-27,39.50500106811523,39.01499938964844,39.375,39.08000183105469,4640800.0,35.056663513183594,NKE
2013-12-30,39.44499969482422,38.959999084472656,38.959999084472656,39.36999893188477,4289000.0,35.316802978515625,NKE
2013-12-31,39.474998474121094,39.17499923706055,39.3849983215332,39.31999969482422,4106200.0,35.27195739746094,NKE
2014-01-02,39.415000915527344,38.96500015258789,39.07500076293945,39.11999893188477,5318600.0,35.092544555664055,NKE
2014-01-03,39.31499862670898,38.97999954223633,39.07500076293945,39.01499938964844,5597000.0,34.99835968017578,NKE
2014-01-06,39.29999923706055,38.70500183105469,39.23500061035156,38.71500015258789,6045800.0,34.72922897338867,NKE
2014-01-07,39.0,38.70500183105469,38.85499954223633,38.74499893188477,6769000.0,34.756153106689446,NKE
2014-01-08,38.974998474121094,38.46500015258789,38.75,38.54499816894531,6897800.0,34.576744079589844,NKE
2014-01-09,38.72999954223633,38.38000106811523,38.709999084472656,38.54499816894531,6263200.0,34.576744079589844,NKE
2014-01-10,38.67499923706055,38.349998474121094,38.5,38.459999084472656,5108000.0,34.50049591064453,NKE
2014-01-13,38.459999084472656,37.5,38.415000915527344,37.59000015258789,8262400.0,33.72005844116211,NKE
2014-01-14,37.66999816894531,37.32500076293945,37.54999923706055,37.584999084472656,7808400.0,33.715579986572266,NKE
2014-01-15,37.8650016784668,37.56999969482422,37.625,37.71500015258789,5852400.0,33.832199096679695,NKE
2014-01-16,37.68999862670898,37.17499923706055,37.6150016784668,37.39500045776367,4848000.0,33.54513931274414,NKE
2014-01-17,37.36999893188477,36.68999862670898,37.29999923706055,36.69499969482422,9851800.0,32.91720199584961,NKE
2014-01-21,37.29999923706055,36.70500183105469,37.06999969482422,36.875,13147000.0,33.07867431640625,NKE
2014-01-22,37.02999877929688,36.75,36.97999954223633,36.75,7424000.0,32.96654510498047,NKE
2014-01-23,36.59000015258789,36.0099983215332,36.50500106811523,36.3650016784668,9505200.0,32.62118911743164,NKE
2014-01-24,36.33000183105469,35.81999969482422,36.14500045776367,35.82500076293945,9212000.0,32.136768341064446,NKE
2014-01-27,36.13000106811523,35.86000061035156,35.95500183105469,35.95000076293945,11411600.0,32.24889373779297,NKE
2014-01-28,36.57500076293945,36.07500076293945,36.14500045776367,36.35499954223633,9069200.0,32.61220169067383,NKE
2014-01-29,36.28499984741211,35.755001068115234,36.15499877929688,35.8849983215332,10488800.0,32.190597534179695,NKE
2014-01-30,37.099998474121094,36.18999862670898,36.224998474121094,36.97000122070313,10438400.0,33.16389846801758,NKE
2014-01-31,36.65499877929688,36.18000030517578,36.49499893188477,36.42499923706055,8652000.0,32.675003051757805,NKE
2014-02-03,36.39500045776367,35.38999938964844,36.38000106811523,35.439998626708984,9516000.0,31.79140472412109,NKE
2014-02-04,35.61999893188477,35.169998168945305,35.47999954223633,35.255001068115234,7004200.0,31.62545585632324,NKE
2014-02-05,35.43000030517578,34.924999237060554,35.23500061035156,35.29999923706055,7366800.0,31.66582107543945,NKE
2014-02-06,36.1349983215332,35.25,35.375,35.755001068115234,7358600.0,32.073986053466804,NKE
2014-02-07,36.42499923706055,35.875,35.95500183105469,36.34500122070313,6747200.0,32.60323715209961,NKE
2014-02-10,36.49499893188477,36.060001373291016,36.3650016784668,36.334999084472656,6430400.0,32.594268798828125,NKE
2014-02-11,37.07500076293945,36.224998474121094,36.32500076293945,36.9900016784668,8739400.0,33.181835174560554,NKE
2014-02-12,37.40499877929688,36.91999816894531,37.15499877929688,37.05500030517578,6396200.0,33.24013137817383,NKE
2014-02-13,37.47999954223633,36.86999893188477,36.915000915527344,37.435001373291016,6161400.0,33.58101272583008,NKE
2014-02-14,37.59000015258789,37.099998474121094,37.435001373291016,37.53499984741211,6204800.0,33.67072296142578,NKE
2014-02-18,37.73500061035156,37.45000076293945,37.56999969482422,37.60499954223633,5935600.0,33.73352432250977,NKE
2014-02-19,37.775001525878906,37.30500030517578,37.30500030517578,37.40999984741211,5401400.0,33.55860137939453,NKE
2014-02-20,37.875,37.43000030517578,37.49499893188477,37.790000915527344,5581600.0,33.899471282958984,NKE
2014-02-21,38.33000183105469,37.68000030517578,37.69499969482422,38.2400016784668,8728600.0,34.30313491821289,NKE
2014-02-24,39.06999969482422,38.24499893188477,38.29499816894531,38.91999816894531,11072200.0,34.913143157958984,NKE
2014-02-25,39.2599983215332,38.78499984741211,38.8650016784668,39.05500030517578,6844000.0,35.03423309326172,NKE
2014-02-26,39.52999877929688,39.15499877929688,39.15499877929688,39.209999084472656,7917400.0,35.17328643798828,NKE
2014-02-27,39.19499969482422,38.7400016784668,39.0,39.0099983215332,6599200.0,35.20937728881836,NKE
2014-02-28,39.35499954223633,38.80500030517578,38.95000076293945,39.150001525878906,6875200.0,35.33574295043945,NKE
2014-03-03,38.99499893188477,38.275001525878906,38.81499862670898,38.69499969482422,6069200.0,34.925071716308594,NKE
2014-03-04,39.525001525878906,39.18000030517578,39.28499984741211,39.310001373291016,5661200.0,35.480159759521484,NKE
2014-03-05,39.29999923706055,38.68000030517578,39.2599983215332,38.709999084472656,6733200.0,34.93860626220703,NKE
2014-03-06,39.19499969482422,38.68000030517578,38.900001525878906,39.11000061035156,5536400.0,35.29964065551758,NKE
2014-03-07,40.04499816894531,39.540000915527344,39.54999923706055,39.72999954223633,8930800.0,35.85923767089844,NKE
2014-03-10,39.68000030517578,39.224998474121094,39.584999084472656,39.4900016784668,5344400.0,35.64262390136719,NKE
2014-03-11,39.810001373291016,39.28499984741211,39.525001525878906,39.400001525878906,4906600.0,35.56138610839844,NKE
2014-03-12,39.5,39.01499938964844,39.04999923706055,39.48500061035156,4296800.0,35.63811492919922,NKE
2014-03-13,39.8650016784668,39.165000915527344,39.625,39.26499938964844,8400400.0,35.439537048339844,NKE
2014-03-14,39.5,38.90499877929688,39.14500045776367,39.15999984741211,6086000.0,35.34477615356445,NKE
2014-03-17,39.56999969482422,39.2599983215332,39.435001373291016,39.4900016784668,8577600.0,35.64262390136719,NKE
2014-03-18,40.040000915527344,39.525001525878906,39.59000015258789,39.81999969482422,8245400.0,35.94046401977539,NKE
2014-03-19,39.97999954223633,39.27999877929688,39.67499923706055,39.57500076293945,5970400.0,35.71934127807617,NKE
2014-03-20,39.6349983215332,38.8849983215332,39.474998474121094,39.6349983215332,12440600.0,35.77348327636719,NKE
2014-03-21,38.65499877929688,37.5,38.54999923706055,37.60499954223633,31767000.0,33.941268920898445,NKE
2014-03-24,37.915000915527344,37.28499984741211,37.7400016784668,37.43000030517578,9999000.0,33.78331756591797,NKE
2014-03-25,37.75500106811523,36.79499816894531,37.67499923706055,36.82500076293945,10527000.0,33.237266540527344,NKE
2014-03-26,37.25,36.61000061035156,37.09000015258789,36.61000061035156,8537600.0,33.04320907592773,NKE
2014-03-27,37.04999923706055,36.50500106811523,36.65499877929688,36.65999984741211,8158600.0,33.08834457397461,NKE
2014-03-28,37.060001373291016,36.63999938964844,36.790000915527344,36.77000045776367,5987000.0,33.1876220703125,NKE
2014-03-31,37.09500122070313,36.724998474121094,37.0,36.93000030517578,6356600.0,33.332035064697266,NKE
2014-04-01,37.38999938964844,37.0099983215332,37.0099983215332,37.19499969482422,7399400.0,33.571216583251946,NKE
2014-04-02,37.5,37.15999984741211,37.35499954223633,37.27000045776367,7614600.0,33.63890838623047,NKE
2014-04-03,37.59000015258789,36.90999984741211,37.27999877929688,36.99499893188477,8255000.0,33.390697479248054,NKE
2014-04-04,37.25,36.2599983215332,37.185001373291016,36.41999816894531,9720200.0,32.871719360351555,NKE
2014-04-07,36.47000122070313,35.29999923706055,36.40499877929688,35.415000915527344,13853800.0,31.964630126953125,NKE
2014-04-08,36.55500030517578,35.95000076293945,36.11000061035156,36.459999084472656,12659600.0,32.907825469970696,NKE
2014-04-09,36.79999923706055,36.26499938964844,36.63000106811523,36.77999877929688,7078400.0,33.196651458740234,NKE
2014-04-10,37.084999084472656,36.125,36.8849983215332,36.224998474121094,8376600.0,32.69573211669922,NKE
2014-04-11,36.334999084472656,35.61000061035156,36.0,35.625,8698000.0,32.15416717529297,NKE
2014-04-14,36.22999954223633,35.650001525878906,35.849998474121094,36.18999862670898,7264800.0,32.66411590576172,NKE
2014-04-15,36.435001373291016,35.8650016784668,36.18999862670898,36.13999938964844,7777400.0,32.618995666503906,NKE
2014-04-16,36.59000015258789,36.25,36.41999816894531,36.54999923706055,4611200.0,32.98904800415039,NKE
2014-04-17,37.21500015258789,36.64500045776367,36.66999816894531,37.01499938964844,9041600.0,33.40874481201172,NKE
2014-04-21,37.02999877929688,36.65999984741211,36.95500183105469,36.95000076293945,6811800.0,33.35007476806641,NKE
2014-04-22,37.349998474121094,36.85499954223633,36.85499954223633,37.17499923706055,5122200.0,33.55316162109375,NKE
2014-04-23,37.43000030517578,37.00500106811523,37.27000045776367,37.04999923706055,4719400.0,33.44034194946289,NKE
2014-04-24,37.185001373291016,36.54999923706055,37.0099983215332,36.69499969482422,6784600.0,33.119918823242195,NKE
2014-04-25,36.849998474121094,36.25500106811523,36.54499816894531,36.349998474121094,6481200.0,32.80854034423828,NKE
2014-04-28,36.84500122070313,35.54999923706055,36.68000030517578,35.834999084472656,11446800.0,32.34371566772461,NKE
2014-04-29,36.36000061035156,35.82500076293945,35.86000061035156,36.2400016784668,6236000.0,32.709259033203125,NKE
2014-04-30,36.52999877929688,36.04499816894531,36.165000915527344,36.474998474121094,6173800.0,32.92135238647461,NKE
2014-05-01,36.68999862670898,36.29499816894531,36.40499877929688,36.459999084472656,4818200.0,32.907825469970696,NKE
2014-05-02,36.76499938964844,36.41999816894531,36.46500015258789,36.49499893188477,4048000.0,32.939414978027344,NKE
2014-05-05,36.71500015258789,36.13000106811523,36.334999084472656,36.64500045776367,4655600.0,33.07480239868164,NKE
2014-05-06,36.584999084472656,36.10499954223633,36.49499893188477,36.125,4585200.0,32.605453491210945,NKE
2014-05-07,36.415000915527344,35.76499938964844,36.35499954223633,36.09000015258789,5605400.0,32.573867797851555,NKE
2014-05-08,36.67499923706055,36.125,36.13999938964844,36.525001525878906,7965200.0,32.966495513916016,NKE
2014-05-09,36.790000915527344,36.34500122070313,36.435001373291016,36.724998474121094,4817000.0,33.147010803222656,NKE
2014-05-12,37.33000183105469,36.685001373291016,36.810001373291016,37.31499862670898,6636400.0,33.679519653320305,NKE
2014-05-13,37.5,37.26499938964844,37.334999084472656,37.29499816894531,4530200.0,33.66146850585937,NKE
2014-05-14,37.32500076293945,36.75,37.2400016784668,36.790000915527344,6281200.0,33.20568084716797,NKE
2014-05-15,36.810001373291016,36.185001373291016,36.70500183105469,36.47000122070313,6039800.0,32.91685104370117,NKE
2014-05-16,36.974998474121094,36.415000915527344,36.47999954223633,36.97000122070313,5376800.0,33.368133544921875,NKE
2014-05-19,37.275001525878906,36.8650016784668,37.0099983215332,37.24499893188477,4682200.0,33.616344451904304,NKE
2014-05-20,37.04999923706055,36.55500030517578,37.02000045776367,36.63000106811523,5921400.0,33.06126022338867,NKE
2014-05-21,37.13000106811523,36.63000106811523,36.68999862670898,37.10499954223633,4671800.0,33.48998260498047,NKE
2014-05-22,37.46500015258789,37.0,37.209999084472656,37.43999862670898,4866400.0,33.79235076904297,NKE
2014-05-23,38.15999984741211,37.47999954223633,37.56499862670898,37.92499923706055,7335200.0,34.23009490966797,NKE
2014-05-27,38.42499923706055,38.11000061035156,38.22000122070313,38.30500030517578,6698000.0,34.573074340820305,NKE
2014-05-28,38.30500030517578,37.959999084472656,38.26499938964844,38.1349983215332,4730000.0,34.419628143310554,NKE
2014-05-29,38.31999969482422,37.99499893188477,38.099998474121094,38.18999862670898,3987600.0,34.687572479248054,NKE
2014-05-30,38.46500015258789,38.150001525878906,38.20000076293945,38.45500183105469,5192400.0,34.928279876708984,NKE
2014-06-02,38.49499893188477,38.150001525878906,38.49499893188477,38.36000061035156,3809600.0,34.84198760986328,NKE
2014-06-03,38.30500030517578,37.7400016784668,38.209999084472656,37.775001525878906,6793400.0,34.310630798339844,NKE
2014-06-04,38.18000030517578,37.709999084472656,37.72000122070313,38.06499862670898,7356800.0,34.574047088623054,NKE
2014-06-05,38.27000045776367,37.65999984741211,38.15499877929688,37.935001373291016,7326400.0,34.45596694946289,NKE
2014-06-06,38.435001373291016,38.07500076293945,38.08000183105469,38.1150016784668,6637600.0,34.619461059570305,NKE
2014-06-09,38.45500183105469,38.04999923706055,38.04999923706055,38.334999084472656,5028600.0,34.819286346435554,NKE
2014-06-10,38.459999084472656,38.11999893188477,38.16999816894531,38.15499877929688,5150200.0,34.65578079223633,NKE
2014-06-11,37.900001525878906,37.45000076293945,37.834999084472656,37.56999969482422,9250000.0,34.12443161010742,NKE
2014-06-12,37.72000122070313,37.290000915527344,37.59500122070313,37.3849983215332,6330600.0,33.956405639648445,NKE
2014-06-13,37.46500015258789,36.56999969482422,37.36999893188477,37.310001373291016,7712200.0,33.88828659057617,NKE
2014-06-16,37.650001525878906,37.20000076293945,37.40499877929688,37.275001525878906,6531400.0,33.85649871826172,NKE
2014-06-17,37.58000183105469,37.125,37.3849983215332,37.54499816894531,6122200.0,34.10172653198242,NKE
2014-06-18,38.18000030517578,37.36000061035156,37.61999893188477,38.10499954223633,9852200.0,34.610374450683594,NKE
2014-06-19,38.224998474121094,37.60499954223633,38.21500015258789,37.81999969482422,4977600.0,34.351512908935554,NKE
2014-06-20,38.06499862670898,37.525001525878906,38.04499816894531,37.54999923706055,11385600.0,34.106273651123054,NKE
2014-06-23,37.80500030517578,37.20000076293945,37.54999923706055,37.724998474121094,9069200.0,34.265220642089844,NKE
2014-06-24,37.98500061035156,37.46500015258789,37.69499969482422,37.4900016784668,7617000.0,34.051780700683594,NKE
2014-06-25,38.27000045776367,37.51499938964844,37.51499938964844,38.23500061035156,7172200.0,34.728458404541016,NKE
2014-06-26,38.45500183105469,37.834999084472656,38.28499984741211,38.43000030517578,10522600.0,34.905567169189446,NKE
2014-06-27,39.57500076293945,38.84000015258789,39.26499938964844,38.84000015258789,18138400.0,35.27796936035156,NKE
2014-06-30,38.8650016784668,38.54499816894531,38.75500106811523,38.775001525878906,8535800.0,35.218936920166016,NKE
2014-07-01,39.27000045776367,38.8650016784668,38.8650016784668,39.0,7129200.0,35.42329406738281,NKE
2014-07-02,39.20500183105469,38.84500122070313,39.02999877929688,38.89500045776367,5577200.0,35.32792663574219,NKE
2014-07-03,39.310001373291016,38.5,38.76499938964844,39.224998474121094,4568600.0,35.62764358520508,NKE
2014-07-07,39.415000915527344,38.97000122070313,39.0,39.32500076293945,5464800.0,35.71848678588867,NKE
2014-07-08,39.20500183105469,38.53499984741211,39.15499877929688,38.834999084472656,8044400.0,35.2734260559082,NKE
2014-07-09,39.3849983215332,38.84500122070313,38.88999938964844,39.34500122070313,7028800.0,35.73665237426758,NKE
2014-07-10,38.90499877929688,38.39500045776367,38.6349983215332,38.75,6357000.0,35.19622039794922,NKE
2014-07-11,38.79499816894531,38.38000106811523,38.63999938964844,38.64500045776367,5758000.0,35.10084915161133,NKE
2014-07-14,39.09500122070313,38.79499816894531,38.974998474121094,38.974998474121094,5503400.0,35.40059280395508,NKE
2014-07-15,39.10499954223633,38.7400016784668,38.7599983215332,39.01499938964844,6506000.0,35.436920166015625,NKE
2014-07-16,39.1150016784668,38.3849983215332,38.92499923706055,38.459999084472656,7449600.0,34.932811737060554,NKE
2014-07-17,38.48500061035156,38.150001525878906,38.21500015258789,38.26499938964844,7461600.0,34.755691528320305,NKE
2014-07-18,38.85499954223633,38.334999084472656,38.42499923706055,38.7599983215332,6065200.0,35.2053108215332,NKE
2014-07-21,38.650001525878906,38.349998474121094,38.415000915527344,38.40999984741211,4209400.0,34.887393951416016,NKE
2014-07-22,38.81999969482422,38.5,38.55500030517578,38.52000045776367,5036000.0,34.987308502197266,NKE
2014-07-23,38.724998474121094,38.415000915527344,38.63000106811523,38.685001373291016,4092200.0,35.13718414306641,NKE
2014-07-24,39.3849983215332,38.93000030517578,38.97000122070313,39.29999923706055,8030200.0,35.695777893066406,NKE
2014-07-25,39.38999938964844,38.80500030517578,39.16999816894531,38.86000061035156,4540400.0,35.2961311340332,NKE
2014-07-28,39.29999923706055,38.7599983215332,38.96500015258789,39.20000076293945,4065200.0,35.604957580566406,NKE
2014-07-29,39.43000030517578,39.04999923706055,39.209999084472656,39.04999923706055,4669600.0,35.46869659423828,NKE
2014-07-30,39.97000122070313,39.13999938964844,39.19499969482422,39.80500030517578,9048200.0,36.15445327758789,NKE
2014-07-31,39.5099983215332,38.4900016784668,39.33000183105469,38.56499862670898,7796800.0,35.02819061279297,NKE
2014-08-01,38.625,38.19499969482422,38.27000045776367,38.38999938964844,5825800.0,34.869239807128906,NKE
2014-08-04,38.70500183105469,38.14500045776367,38.43999862670898,38.58000183105469,4839400.0,35.04180908203125,NKE
2014-08-05,38.81999969482422,38.26499938964844,38.38000106811523,38.459999084472656,4866200.0,34.932811737060554,NKE
2014-08-06,38.61999893188477,38.224998474121094,38.25500106811523,38.56999969482422,5074400.0,35.03272247314453,NKE
2014-08-07,38.8650016784668,37.9900016784668,38.849998474121094,38.17499923706055,6737400.0,34.67395782470703,NKE
2014-08-08,38.54999923706055,37.95000076293945,38.15499877929688,38.52999877929688,6714800.0,34.99639892578125,NKE
2014-08-11,38.75,38.4900016784668,38.7400016784668,38.52999877929688,7828600.0,34.99639892578125,NKE
2014-08-12,38.72000122070313,38.24499893188477,38.5,38.3650016784668,9142000.0,34.84652328491211,NKE
2014-08-13,38.89500045776367,38.27000045776367,38.540000915527344,38.625,6400400.0,35.082687377929695,NKE
2014-08-14,38.90499877929688,38.47999954223633,38.7599983215332,38.650001525878906,3935000.0,35.10538101196289,NKE
2014-08-15,39.0,38.24499893188477,38.86000061035156,38.56499862670898,4490000.0,35.02819061279297,NKE
2014-08-18,39.34500122070313,38.78499984741211,38.8650016784668,39.275001525878906,5697400.0,35.673065185546875,NKE
2014-08-19,39.54499816894531,39.17499923706055,39.35499954223633,39.25500106811523,4424000.0,35.65491104125977,NKE
2014-08-20,39.540000915527344,39.09500122070313,39.09500122070313,39.45500183105469,3965800.0,35.83656692504883,NKE
2014-08-21,39.70000076293945,39.32500076293945,39.52000045776367,39.47000122070313,4001800.0,35.85018920898437,NKE
2014-08-22,39.8650016784668,39.459999084472656,39.625,39.64500045776367,5807400.0,36.00912857055664,NKE
2014-08-25,40.150001525878906,39.75,39.79999923706055,40.00500106811523,5074400.0,36.33611297607422,NKE
2014-08-26,40.04999923706055,39.709999084472656,40.01499938964844,39.7400016784668,5216400.0,36.09543228149414,NKE
2014-08-27,39.99499893188477,39.709999084472656,39.99499893188477,39.86000061035156,3679400.0,36.20441818237305,NKE
2014-08-28,39.61000061035156,39.33000183105469,39.5099983215332,39.40999984741211,5169200.0,36.01252365112305,NKE
2014-08-29,39.47000122070313,39.1349983215332,39.42499923706055,39.275001525878906,6423000.0,36.10906219482422,NKE
2014-09-02,39.7599983215332,39.17499923706055,39.17499923706055,39.63999938964844,8164200.0,36.44464111328125,NKE
2014-09-03,39.93999862670898,39.27000045776367,39.89500045776367,39.40999984741211,4409600.0,36.233177185058594,NKE
2014-09-04,40.11000061035156,39.59000015258789,39.599998474121094,39.959999084472656,6022800.0,36.73884201049805,NKE
2014-09-05,41.05500030517578,39.67499923706055,39.77000045776367,41.02000045776367,12380600.0,37.71339797973633,NKE
2014-09-08,41.39500045776367,40.54499816894531,40.959999084472656,41.20000076293945,11728200.0,37.878883361816406,NKE
2014-09-09,41.27000045776367,40.75500106811523,41.1349983215332,40.91999816894531,8119000.0,37.6214599609375,NKE
2014-09-10,41.30500030517578,40.75,40.8650016784668,41.23500061035156,6742400.0,37.91106414794922,NKE
2014-09-11,41.29499816894531,40.77000045776367,41.08000183105469,40.90999984741211,7460400.0,37.61225891113281,NKE
2014-09-12,41.0,40.70500183105469,40.98500061035156,40.91999816894531,5926200.0,37.6214599609375,NKE
2014-09-15,41.09000015258789,40.50500106811523,41.04999923706055,40.80500030517578,6729000.0,37.51572799682617,NKE
2014-09-16,40.77000045776367,40.415000915527344,40.6150016784668,40.599998474121094,9393200.0,37.32726287841797,NKE
2014-09-17,40.915000915527344,40.5,40.775001525878906,40.75500106811523,7443200.0,37.46975708007813,NKE
2014-09-18,41.0,40.625,40.92499923706055,40.98500061035156,6393400.0,37.68121719360352,NKE
2014-09-19,41.36999893188477,40.665000915527344,41.31999969482422,40.90499877929688,19704400.0,37.60766220092773,NKE
2014-09-22,40.935001373291016,40.099998474121094,40.84000015258789,40.35499954223633,8138400.0,37.102012634277344,NKE
2014-09-23,40.290000915527344,39.94499969482422,40.2599983215332,40.060001373291016,6046800.0,36.830787658691406,NKE
2014-09-24,40.435001373291016,39.959999084472656,40.06999969482422,40.41999816894531,6754000.0,37.16176223754883,NKE
2014-09-25,40.34000015258789,39.6349983215332,40.34000015258789,39.875,14138400.0,36.66068649291992,NKE
2014-09-26,44.99499893188477,43.650001525878906,43.9900016784668,44.75,35090400.0,41.14273071289063,NKE
2014-09-29,45.04999923706055,44.1349983215332,44.1349983215332,44.560001373291016,14834400.0,40.96803283691406,NKE
2014-09-30,45.14500045776367,44.20000076293945,44.34500122070313,44.599998474121094,11583400.0,41.00481033325195,NKE
2014-10-01,44.5,43.75500106811523,44.45500183105469,43.849998474121094,9471600.0,40.31526947021485,NKE
2014-10-02,44.75500106811523,43.43999862670898,43.834999084472656,44.650001525878906,8739200.0,41.05078506469727,NKE
2014-10-03,45.224998474121094,44.584999084472656,44.88000106811523,45.14500045776367,8790000.0,41.5058822631836,NKE
2014-10-06,45.25,44.27999877929688,45.14500045776367,44.61000061035156,7031200.0,41.014007568359375,NKE
2014-10-07,44.59500122070313,44.01499938964844,44.29999923706055,44.03499984741211,5486400.0,40.48535919189453,NKE
2014-10-08,44.58000183105469,43.76499938964844,44.05500030517578,44.415000915527344,7481200.0,40.834720611572266,NKE
2014-10-09,44.49499893188477,43.54999923706055,44.224998474121094,43.6150016784668,7462200.0,40.09921646118164,NKE
2014-10-10,44.099998474121094,43.50500106811523,43.72000122070313,43.59500122070313,9048200.0,40.08082580566406,NKE
2014-10-13,43.560001373291016,42.61999893188477,43.47999954223633,42.69499969482422,8005200.0,39.253379821777344,NKE
2014-10-14,42.95500183105469,42.41999816894531,42.88999938964844,42.54499816894531,9853400.0,39.1154670715332,NKE
2014-10-15,43.54999923706055,42.04999923706055,42.560001373291016,42.59000015258789,17571600.0,39.156837463378906,NKE
2014-10-16,43.625,41.92499923706055,42.09500122070313,43.52000045776367,13644000.0,40.01187133789063,NKE
2014-10-17,44.17499923706055,43.46500015258789,43.89500045776367,43.59000015258789,11396800.0,40.07622528076172,NKE
2014-10-20,44.46500015258789,43.3849983215332,43.400001525878906,44.45000076293945,6743400.0,40.86689758300781,NKE
2014-10-21,45.349998474121094,44.5099983215332,44.650001525878906,45.31999969482422,6459600.0,41.66677856445313,NKE
2014-10-22,45.76499938964844,44.90499877929688,45.32500076293945,44.93000030517578,7087800.0,41.30822372436523,NKE
2014-10-23,45.65999984741211,44.974998474121094,45.06499862670898,45.18500137329102,6191800.0,41.54265594482422,NKE
2014-10-24,45.49499893188477,44.95500183105469,44.974998474121094,45.45000076293945,4931000.0,41.786293029785156,NKE
2014-10-27,45.88999938964844,45.21500015258789,45.45500183105469,45.81999969482422,5819400.0,42.12647247314453,NKE
2014-10-28,46.224998474121094,45.65499877929688,45.76499938964844,46.224998474121094,6358400.0,42.49882125854492,NKE
2014-10-29,46.27000045776367,45.709999084472656,46.08000183105469,45.974998474121094,4998600.0,42.26897430419922,NKE
2014-10-30,46.5,45.7750015258789,45.8849983215332,46.5,4585200.0,42.75165557861328,NKE
2014-10-31,47.06999969482422,46.334999084472656,47.06499862670898,46.48500061035156,6463600.0,42.73787307739258,NKE
2014-11-03,46.7400016784668,46.43500137329102,46.67499923706055,46.724998474121094,4862800.0,42.95852279663086,NKE
2014-11-04,47.0099983215332,46.31000137329102,46.52999877929688,46.974998474121094,4441400.0,43.1883659362793,NKE
2014-11-05,47.41999816894531,46.85499954223633,47.41999816894531,47.34000015258789,6513800.0,43.5239486694336,NKE
2014-11-06,47.54499816894531,47.27000045776367,47.42499923706055,47.29999923706055,5482000.0,43.48717880249024,NKE
2014-11-07,47.375,46.77000045776367,47.375,46.88999938964844,4909800.0,43.11022186279297,NKE
2014-11-10,47.53499984741211,47.02000045776367,47.02000045776367,47.47999954223633,5898200.0,43.65265274047852,NKE
2014-11-11,47.6500015258789,47.290000915527344,47.599998474121094,47.43999862670898,4563200.0,43.61587524414063,NKE
2014-11-12,47.959999084472656,47.1150016784668,47.224998474121094,47.90499877929688,5018400.0,44.04340744018555,NKE
2014-11-13,48.2750015258789,47.77999877929688,48.09000015258789,48.06000137329102,5417400.0,44.18590545654297,NKE
2014-11-14,47.93999862670898,47.50500106811523,47.89500045776367,47.75,6406800.0,43.90089797973633,NKE
2014-11-17,48.09500122070313,47.52000045776367,47.68500137329102,48.02999877929688,5931000.0,44.15830993652344,NKE
2014-11-18,48.42499923706055,47.88000106811523,47.99499893188477,48.23500061035156,4803400.0,44.3467903137207,NKE
2014-11-19,48.54999923706055,48.17499923706055,48.25,48.474998474121094,4586000.0,44.56745147705078,NKE
2014-11-20,48.849998474121094,48.15499877929688,48.31000137329102,48.6500015258789,4822400.0,44.72835159301758,NKE
2014-11-21,49.47999954223633,48.33000183105469,49.34500122070313,48.709999084472656,7016400.0,44.78350830078125,NKE
2014-11-24,49.25,48.86999893188477,48.89500045776367,48.974998474121094,5081600.0,45.02714920043945,NKE
2014-11-25,49.25,48.6349983215332,49.1500015258789,48.64500045776367,6177200.0,44.72374725341797,NKE
2014-11-26,48.93999862670898,48.54999923706055,48.6500015258789,48.9000015258789,3948800.0,44.95819854736328,NKE
2014-11-28,49.88000106811523,49.1150016784668,49.16999816894531,49.64500045776367,3609400.0,45.64313125610352,NKE
2014-12-01,49.69499969482422,48.83000183105469,49.33000183105469,48.84500122070313,5139200.0,44.90763854980469,NKE
2014-12-02,49.36000061035156,48.84500122070313,49.02999877929688,49.02000045776367,4384000.0,45.06851196289063,NKE
2014-12-03,49.29999923706055,48.7599983215332,49.08000183105469,49.25,3792000.0,45.27998352050781,NKE
2014-12-04,49.69499969482422,49.02999877929688,49.25,49.5250015258789,4128200.0,45.5328140258789,NKE
2014-12-05,49.75,49.415000915527344,49.63000106811523,49.665000915527344,3408200.0,45.66153335571289,NKE
2014-12-08,49.5250015258789,48.6500015258789,49.5250015258789,48.86000061035156,5155200.0,44.92142105102539,NKE
2014-12-09,48.70000076293945,47.9900016784668,48.52999877929688,48.51499938964844,5989000.0,44.60421752929688,NKE
2014-12-10,49.11999893188477,48.22999954223633,48.2400016784668,48.83000183105469,6457800.0,44.893836975097656,NKE
2014-12-11,49.29999923706055,48.41999816894531,48.7400016784668,48.46500015258789,8723600.0,44.815242767333984,NKE
2014-12-12,48.94499969482422,48.084999084472656,48.32500076293945,48.084999084472656,8243800.0,44.4638557434082,NKE
2014-12-15,48.46500015258789,47.38999938964844,48.21500015258789,47.71500015258789,10152600.0,44.12172317504883,NKE
2014-12-16,47.709999084472656,46.48500061035156,47.67499923706055,46.60499954223633,14614400.0,43.09531021118164,NKE
2014-12-17,47.38000106811523,46.45000076293945,46.8650016784668,47.25,11205200.0,43.69173049926758,NKE
2014-12-18,48.540000915527344,47.52999877929688,48.1349983215332,48.540000915527344,18960800.0,44.88459014892578,NKE
2014-12-19,48.13999938964844,46.415000915527344,47.75,47.41999816894531,27002000.0,43.84893798828125,NKE
2014-12-22,47.96500015258789,47.5099983215332,47.56499862670898,47.96500015258789,7662200.0,44.3528938293457,NKE
2014-12-23,48.25500106811523,47.79499816894531,48.0,47.98500061035156,5241800.0,44.37138366699219,NKE
2014-12-24,48.67499923706055,48.04499816894531,48.20000076293945,48.14500045776367,2439600.0,44.51933670043945,NKE
2014-12-26,48.60499954223633,48.125,48.25500106811523,48.415000915527344,3144400.0,44.769004821777344,NKE
2014-12-29,48.82500076293945,48.30500030517578,48.30500030517578,48.6500015258789,4017800.0,44.9863166809082,NKE
2014-12-30,48.6500015258789,48.31000137329102,48.43999862670898,48.43999862670898,4146800.0,44.7921257019043,NKE
2014-12-31,48.80500030517578,48.02000045776367,48.48500061035156,48.07500076293945,4697400.0,44.45460510253906,NKE
2015-01-02,48.474998474121094,47.05500030517578,48.2750015258789,47.51499938964844,4985800.0,43.93678665161133,NKE
2015-01-05,47.2750015258789,46.56499862670898,47.25500106811523,46.75,6889200.0,43.229393005371094,NKE
2015-01-06,47.07500076293945,46.03499984741211,46.94499969482422,46.474998474121094,7576000.0,42.97509765625,NKE
2015-01-07,47.6500015258789,46.54999923706055,46.80500030517578,47.43500137329102,7256000.0,43.8628044128418,NKE
2015-01-08,48.54999923706055,47.81000137329102,47.83000183105469,48.52999877929688,5978200.0,44.87534713745117,NKE
2015-01-09,48.49499893188477,47.79999923706055,48.46500015258789,47.99499893188477,4689000.0,44.38063049316406,NKE
2015-01-12,48.2599983215332,47.6150016784668,47.95500183105469,47.93000030517578,5630800.0,44.32051849365234,NKE
2015-01-13,48.724998474121094,47.31499862670898,48.16999816894531,47.50500106811523,6182200.0,43.92753219604492,NKE
2015-01-14,47.18500137329102,46.45500183105469,46.68999862670898,46.85499954223633,6750400.0,43.32647705078125,NKE
2015-01-15,47.34000015258789,46.28499984741211,47.31499862670898,46.40499877929688,4235000.0,42.910377502441406,NKE
2015-01-16,46.56499862670898,46.01499938964844,46.3849983215332,46.49499893188477,8770000.0,42.99359893798828,NKE
2015-01-20,46.94499969482422,46.31000137329102,46.72000122070313,46.80500030517578,9403800.0,43.28024673461914,NKE
2015-01-21,47.06499862670898,46.50500106811523,46.55500030517578,46.75500106811523,5854000.0,43.2340202331543,NKE
2015-01-22,48.05500030517578,46.77999877929688,47.17499923706055,47.92499923706055,6952400.0,44.31590270996094,NKE
2015-01-23,48.375,47.82500076293945,48.06999969482422,48.08000183105469,6781000.0,44.459232330322266,NKE
2015-01-26,48.23500061035156,47.7750015258789,48.0,48.17499923706055,4964000.0,44.54707717895508,NKE
2015-01-27,47.724998474121094,47.06000137329102,47.6500015258789,47.25,6696800.0,43.69173049926758,NKE
2015-01-28,47.65999984741211,46.625,47.5,46.65499877929688,6402600.0,43.14154052734375,NKE
2015-01-29,47.43500137329102,46.584999084472656,46.834999084472656,47.43500137329102,6802400.0,43.8628044128418,NKE
2015-01-30,47.18000030517578,46.04999923706055,46.959999084472656,46.125,8106400.0,42.651451110839844,NKE
2015-02-02,46.34500122070313,45.3849983215332,46.34000015258789,45.959999084472656,8056600.0,42.49887466430664,NKE
2015-02-03,46.69499969482422,46.01499938964844,46.1150016784668,46.67499923706055,7940200.0,43.16004180908203,NKE
2015-02-04,46.6349983215332,46.1349983215332,46.3849983215332,46.27000045776367,7187400.0,42.78553771972656,NKE
2015-02-05,46.79499816894531,46.27999877929688,46.43999862670898,46.66999816894531,5754400.0,43.1554069519043,NKE
2015-02-06,46.73500061035156,45.77000045776367,46.70000076293945,45.89500045776367,7381800.0,42.43877410888672,NKE
2015-02-09,45.849998474121094,45.34500122070313,45.75,45.584999084472656,7339400.0,42.15213012695313,NKE
2015-02-10,46.54999923706055,45.61000061035156,45.86999893188477,46.375,7694600.0,42.88263702392578,NKE
2015-02-11,46.375,45.474998474121094,46.24499893188477,45.65499877929688,8541000.0,42.21685028076172,NKE
2015-02-12,46.33000183105469,45.4000015258789,45.72999954223633,46.0,11855800.0,42.5358772277832,NKE
2015-02-13,46.28499984741211,45.95000076293945,46.0099983215332,46.02000045776367,7695600.0,42.554359436035156,NKE
2015-02-17,46.45000076293945,45.86000061035156,45.86999893188477,45.93000030517578,7371000.0,42.47114181518555,NKE
2015-02-18,46.8849983215332,45.71500015258789,45.77000045776367,46.81000137329102,8143800.0,43.28487014770508,NKE
2015-02-19,47.13000106811523,46.7400016784668,46.7400016784668,46.849998474121094,6605200.0,43.32186508178711,NKE
2015-02-20,47.64500045776367,46.67499923706055,46.80500030517578,47.46500015258789,7398000.0,43.890541076660156,NKE
2015-02-23,47.6150016784668,47.13999938964844,47.459999084472656,47.50500106811523,4622200.0,43.92753219604492,NKE
2015-02-24,47.77000045776367,47.375,47.375,47.709999084472656,5239200.0,44.117095947265625,NKE
2015-02-25,48.599998474121094,47.709999084472656,47.709999084472656,48.40999984741211,7053600.0,44.76437377929688,NKE
2015-02-26,48.665000915527344,48.32500076293945,48.33000183105469,48.49499893188477,5935000.0,45.10385131835938,NKE
2015-02-27,48.70500183105469,48.31499862670898,48.474998474121094,48.56000137329102,7118600.0,45.16431045532226,NKE
2015-03-02,49.43000030517578,48.375,48.44499969482422,49.375,11025000.0,45.92231369018555,NKE
2015-03-03,49.23500061035156,48.56000137329102,49.22000122070313,48.98500061035156,7038400.0,45.55960464477539,NKE
2015-03-04,48.93500137329102,48.47999954223633,48.834999084472656,48.7599983215332,4853000.0,45.35032272338867,NKE
2015-03-05,49.34000015258789,48.89500045776367,48.97999954223633,49.22999954223633,6633600.0,45.78746795654297,NKE
2015-03-06,49.34500122070313,48.29999923706055,49.22999954223633,48.45500183105469,7174600.0,45.06665420532226,NKE
2015-03-09,48.90999984741211,48.47000122070313,48.54499816894531,48.71500015258789,5938800.0,45.30846786499024,NKE
2015-03-10,48.48500061035156,48.125,48.209999084472656,48.25500106811523,7096000.0,44.88064193725586,NKE
2015-03-11,48.540000915527344,47.59000015258789,48.18999862670898,47.66999816894531,7484200.0,44.33654022216797,NKE
2015-03-12,48.54999923706055,47.68999862670898,47.75,48.52000045776367,5809800.0,45.127113342285156,NKE
2015-03-13,48.7400016784668,47.6500015258789,48.52000045776367,47.90499877929688,7396200.0,44.555118560791016,NKE
2015-03-16,48.4000015258789,47.96500015258789,48.099998474121094,48.22000122070313,8497000.0,44.84808349609375,NKE
2015-03-17,48.38999938964844,47.75500106811523,48.06999969482422,48.27000045776367,6408200.0,44.89458847045898,NKE
2015-03-18,48.93500137329102,47.80500030517578,48.27000045776367,48.75500106811523,8855600.0,45.345680236816406,NKE
2015-03-19,49.31000137329102,48.60499954223633,48.90499877929688,49.15999984741211,13536000.0,45.72234725952149,NKE
2015-03-20,51.89500045776367,50.625,51.31499862670898,50.9900016784668,29779800.0,47.42438888549805,NKE
2015-03-23,51.29999923706055,50.599998474121094,50.7750015258789,50.72999954223633,10471800.0,47.18255615234375,NKE
2015-03-24,50.83000183105469,50.29999923706055,50.5250015258789,50.32500076293945,7598800.0,46.80588912963867,NKE
2015-03-25,50.59000015258789,49.47000122070313,50.5,49.49499893188477,8133400.0,46.0339241027832,NKE
2015-03-26,50.04499816894531,48.834999084472656,49.16999816894531,49.665000915527344,9479800.0,46.19205093383789,NKE
2015-03-27,50.09000015258789,49.56000137329102,49.56000137329102,49.93999862670898,4403600.0,46.44780731201172,NKE
2015-03-30,50.7750015258789,50.27000045776367,50.6150016784668,50.44499969482422,5435400.0,46.9175033569336,NKE
2015-03-31,50.91999816894531,50.14500045776367,50.43999862670898,50.165000915527344,6309200.0,46.657081604003906,NKE
2015-04-01,50.13999938964844,49.16999816894531,50.0,49.7750015258789,6605400.0,46.294349670410156,NKE
2015-04-02,50.15999984741211,49.69499969482422,50.02000045776367,49.83000183105469,3840400.0,46.34550857543945,NKE
2015-04-06,50.31499862670898,49.2750015258789,49.375,49.8650016784668,5027400.0,46.3780632019043,NKE
2015-04-07,50.13000106811523,49.73500061035156,49.8650016784668,49.80500030517578,3993600.0,46.32224655151367,NKE
2015-04-08,50.48500061035156,49.86000061035156,50.0,50.41999816894531,6522400.0,46.894248962402344,NKE
2015-04-09,50.84500122070313,50.29999923706055,50.5,50.36000061035156,5301000.0,46.83844757080078,NKE
2015-04-10,50.540000915527344,49.96500015258789,50.459999084472656,49.98500061035156,5918200.0,46.489662170410156,NKE
2015-04-13,50.02999877929688,49.52999877929688,49.98500061035156,49.6349983215332,7313800.0,46.16413879394531,NKE
2015-04-14,49.90499877929688,49.349998474121094,49.52999877929688,49.76499938964844,4770800.0,46.28504180908203,NKE
2015-04-15,50.3650016784668,49.8650016784668,50.31499862670898,49.915000915527344,5716200.0,46.42455673217773,NKE
2015-04-16,50.084999084472656,49.70000076293945,49.74499893188477,49.95000076293945,4104000.0,46.457115173339844,NKE
2015-04-17,49.68500137329102,49.06999969482422,49.584999084472656,49.2750015258789,6049600.0,45.82931900024414,NKE
2015-04-20,50.16999816894531,49.5099983215332,49.540000915527344,49.99499893188477,6208600.0,46.49897003173828,NKE
2015-04-21,50.42499923706055,49.86000061035156,50.38000106811523,50.14500045776367,5125200.0,46.63847351074219,NKE
2015-04-22,50.19499969482422,49.64500045776367,50.1500015258789,50.07500076293945,3905800.0,46.5733757019043,NKE
2015-04-23,50.79999923706055,49.724998474121094,49.88999938964844,50.55500030517578,4668200.0,47.01980972290039,NKE
2015-04-24,50.63999938964844,50.10499954223633,50.22999954223633,50.474998474121094,4334000.0,46.945396423339844,NKE
2015-04-27,51.0,50.3849983215332,50.6349983215332,50.47000122070313,5158400.0,46.94075393676758,NKE
2015-04-28,50.4000015258789,49.59500122070313,50.4000015258789,49.93000030517578,6031600.0,46.438514709472656,NKE
2015-04-29,50.24499893188477,49.63000106811523,49.76499938964844,50.084999084472656,5395200.0,46.58266830444336,NKE
2015-04-30,50.25500106811523,49.22999954223633,49.875,49.41999816894531,6497000.0,45.96416473388672,NKE
2015-05-01,50.40999984741211,49.70500183105469,49.93999862670898,50.38999938964844,6683400.0,46.8663444519043,NKE
2015-05-04,50.599998474121094,50.2400016784668,50.5,50.415000915527344,4557800.0,46.88958740234375,NKE
2015-05-05,50.43500137329102,50.13000106811523,50.21500015258789,50.209999084472656,5104400.0,46.69892501831055,NKE
2015-05-06,50.5,49.84000015258789,50.1349983215332,50.11000061035156,5396600.0,46.605918884277344,NKE
2015-05-07,50.79499816894531,50.0099983215332,50.224998474121094,50.724998474121094,5526200.0,47.17792129516602,NKE
2015-05-08,51.6500015258789,51.14500045776367,51.14500045776367,51.22000122070313,5534800.0,47.63831329345703,NKE
2015-05-11,51.61000061035156,51.04499816894531,51.209999084472656,51.39500045776367,5339800.0,47.80107116699219,NKE
2015-05-12,51.34500122070313,50.79999923706055,50.9900016784668,51.18500137329102,4676400.0,47.60575485229492,NKE
2015-05-13,51.3650016784668,50.89500045776367,51.34500122070313,51.08000183105469,4508200.0,47.50808334350586,NKE
2015-05-14,51.75500106811523,51.15499877929688,51.47000122070313,51.72000122070313,5433400.0,48.10334777832031,NKE
2015-05-15,52.51499938964844,51.68500137329102,51.82500076293945,52.4900016784668,7865200.0,48.81950378417969,NKE
2015-05-18,52.75,52.209999084472656,52.55500030517578,52.375,5045200.0,48.71253204345703,NKE
2015-05-19,52.59000015258789,52.17499923706055,52.31000137329102,52.31999969482422,5971200.0,48.6613883972168,NKE
2015-05-20,52.57500076293945,52.10499954223633,52.459999084472656,52.30500030517578,5399200.0,48.64743423461914,NKE
2015-05-21,52.599998474121094,52.11999893188477,52.43500137329102,52.20000076293945,5455200.0,48.549781799316406,NKE
2015-05-22,52.61000061035156,52.02000045776367,52.60499954223633,52.21500015258789,5654800.0,48.563720703125,NKE
2015-05-26,52.375,51.59000015258789,52.21500015258789,51.709999084472656,5691400.0,48.09403991699219,NKE
2015-05-27,51.959999084472656,51.15499877929688,51.7400016784668,51.41999816894531,8896800.0,47.82430648803711,NKE
2015-05-28,51.474998474121094,50.75500106811523,51.1150016784668,51.1500015258789,5781600.0,47.83368682861328,NKE
2015-05-29,51.18999862670898,50.52000045776367,51.1500015258789,50.834999084472656,5562200.0,47.53908920288086,NKE
2015-06-01,51.14500045776367,50.724998474121094,50.8849983215332,50.88000106811523,4944000.0,47.5811767578125,NKE
2015-06-02,51.34500122070313,50.75,50.9000015258789,51.05500030517578,4974400.0,47.74482345581055,NKE
2015-06-03,51.54499816894531,50.8849983215332,51.14500045776367,51.25500106811523,4766800.0,47.93186950683594,NKE
2015-06-04,51.6500015258789,50.81000137329102,51.02999877929688,50.974998474121094,4467200.0,47.67001724243164,NKE
2015-06-05,51.125,50.56499862670898,50.75,51.01499938964844,3791800.0,47.70742416381836,NKE
2015-06-08,50.94499969482422,50.68999862670898,50.79999923706055,50.72000122070313,4314000.0,47.43154907226562,NKE
2015-06-09,50.96500015258789,50.38999938964844,50.74499893188477,50.67499923706055,3476800.0,47.38947296142578,NKE
2015-06-10,52.01499938964844,50.83000183105469,50.915000915527344,51.66999816894531,6270400.0,48.31995391845703,NKE
2015-06-11,52.56000137329102,51.73500061035156,52.54499816894531,51.93999862670898,6178000.0,48.57245254516602,NKE
2015-06-12,52.04999923706055,51.60499954223633,51.7750015258789,51.88999938964844,4133000.0,48.52569961547852,NKE
2015-06-15,51.92499923706055,51.3650016784668,51.54999923706055,51.67499923706055,4902000.0,48.32463073730469,NKE
2015-06-16,52.4900016784668,51.72000122070313,51.7400016784668,52.27999877929688,5034000.0,48.89039993286133,NKE
2015-06-17,52.584999084472656,52.040000915527344,52.36999893188477,52.375,4072400.0,48.97924041748047,NKE
2015-06-18,53.334999084472656,52.50500106811523,52.5250015258789,53.0,5690600.0,49.56372451782226,NKE
2015-06-19,53.42499923706055,52.97000122070313,53.01499938964844,53.26499938964844,7285600.0,49.8115463256836,NKE
2015-06-22,53.724998474121094,53.32500076293945,53.43000030517578,53.39500045776367,4186600.0,49.93310928344727,NKE
2015-06-23,53.63000106811523,53.40999984741211,53.599998474121094,53.599998474121094,5934200.0,50.12482070922852,NKE
2015-06-24,53.68500137329102,53.02000045776367,53.599998474121094,53.11000061035156,5056200.0,49.66658401489258,NKE
2015-06-25,53.40499877929688,52.334999084472656,53.40499877929688,52.61000061035156,10811400.0,49.19900894165039,NKE
2015-06-26,55.16999816894531,54.18500137329102,54.18500137329102,54.85499954223633,20287600.0,51.29845428466797,NKE
2015-06-29,54.74499893188477,53.83000183105469,54.6349983215332,53.834999084472656,9005000.0,50.3445930480957,NKE
2015-06-30,54.43999862670898,53.9000015258789,54.42499923706055,54.0099983215332,7531200.0,50.50824356079102,NKE
2015-07-01,54.71500015258789,54.29499816894531,54.474998474121094,54.71500015258789,5924000.0,51.16752624511719,NKE
2015-07-02,55.3650016784668,54.54499816894531,54.95500183105469,54.93500137329102,5900000.0,51.37327194213867,NKE
2015-07-06,55.25500106811523,54.50500106811523,54.54499816894531,54.91999816894531,4991400.0,51.35923385620117,NKE
2015-07-07,55.665000915527344,54.52999877929688,55.040000915527344,55.64500045776367,7207000.0,52.03723907470703,NKE
2015-07-08,55.375,54.5,55.11000061035156,54.6349983215332,6733600.0,51.09272003173828,NKE
2015-07-09,55.459999084472656,54.59500122070313,55.11999893188477,54.72000122070313,6168400.0,51.172218322753906,NKE
2015-07-10,55.4000015258789,54.5,55.26499938964844,55.2599983215332,5159200.0,51.67719268798828,NKE
2015-07-13,56.2750015258789,55.4000015258789,55.61999893188477,56.20500183105469,5047600.0,52.56092834472656,NKE
2015-07-14,56.52999877929688,55.959999084472656,56.41999816894531,56.16999816894531,5561400.0,52.52819061279297,NKE
2015-07-15,56.19499969482422,55.84500122070313,56.0,55.95000076293945,5016400.0,52.32245635986328,NKE
2015-07-16,56.45000076293945,55.92499923706055,56.38000106811523,56.16999816894531,4334600.0,52.52819061279297,NKE
2015-07-17,56.4900016784668,55.95000076293945,56.18500137329102,56.4000015258789,4545400.0,52.74328231811523,NKE
2015-07-20,56.7750015258789,56.40999984741211,56.6349983215332,56.56499862670898,5978200.0,52.89759063720703,NKE
2015-07-21,56.78499984741211,56.36000061035156,56.4900016784668,56.49499893188477,4626400.0,52.83212280273438,NKE
2015-07-22,57.11000061035156,56.43500137329102,56.43500137329102,57.04499816894531,5954200.0,53.34646224975586,NKE
2015-07-23,57.349998474121094,56.90499877929688,57.25,57.0,6714200.0,53.30438232421875,NKE
2015-07-24,57.09000015258789,56.23500061035156,57.09000015258789,56.49499893188477,5967200.0,52.83212280273438,NKE
2015-07-27,56.459999084472656,55.474998474121094,56.20000076293945,55.8650016784668,6648000.0,52.24298095703125,NKE
2015-07-28,56.95500183105469,55.92499923706055,56.03499984741211,56.73500061035156,6948200.0,53.05656814575195,NKE
2015-07-29,57.66999816894531,56.75,56.790000915527344,57.459999084472656,6839800.0,53.73456192016602,NKE
2015-07-30,57.70000076293945,56.97000122070313,57.474998474121094,57.50500106811523,5594000.0,53.77663803100586,NKE
2015-07-31,57.97000122070313,57.415000915527344,57.75,57.61000061035156,5078600.0,53.87483978271485,NKE
2015-08-03,58.0,56.79499816894531,57.75500106811523,57.415000915527344,4992000.0,53.6924819946289,NKE
2015-08-04,57.96500015258789,57.165000915527344,57.474998474121094,57.8849983215332,5229000.0,54.131996154785156,NKE
2015-08-05,58.86000061035156,58.17499923706055,58.30500030517578,58.375,6853000.0,54.59022521972656,NKE
2015-08-06,58.75,57.18500137329102,58.5,57.56000137329102,6211400.0,53.82807540893555,NKE
2015-08-07,57.47999954223633,56.54999923706055,57.36000061035156,57.25500106811523,5907800.0,53.54285430908203,NKE
2015-08-10,58.084999084472656,57.42499923706055,57.69499969482422,57.68000030517578,4613200.0,53.94029998779297,NKE
2015-08-11,57.49499893188477,56.81499862670898,57.06999969482422,57.22999954223633,5107400.0,53.51947021484375,NKE
2015-08-12,56.875,55.32500076293945,56.77000045776367,56.52999877929688,7127000.0,52.86486434936523,NKE
2015-08-13,57.26499938964844,56.474998474121094,56.6349983215332,56.79999923706055,5907800.0,53.117347717285156,NKE
2015-08-14,57.28499984741211,56.55500030517578,56.79499816894531,57.18000030517578,4685200.0,53.47270965576172,NKE
2015-08-17,57.56499862670898,56.54499816894531,57.06000137329102,57.4900016784668,3917400.0,53.762611389160156,NKE
2015-08-18,57.84000015258789,57.29499816894531,57.56000137329102,57.40999984741211,3669400.0,53.68779754638672,NKE
2015-08-19,58.0250015258789,56.7750015258789,57.0,57.47999954223633,6216400.0,53.75326538085938,NKE
2015-08-20,57.224998474121094,56.11999893188477,56.85499954223633,56.1500015258789,6536800.0,52.509498596191406,NKE
2015-08-21,55.83000183105469,53.41999816894531,55.73500061035156,53.43500137329102,15912800.0,49.97052383422852,NKE
2015-08-24,53.68999862670898,47.25,50.13000106811523,51.93500137329102,19882600.0,48.56777572631836,NKE
2015-08-25,53.65499877929688,51.7400016784668,53.63999938964844,51.76499938964844,13616200.0,48.40879821777344,NKE
2015-08-26,54.50500106811523,51.9900016784668,53.25,54.38000106811523,15156000.0,50.85425186157226,NKE
2015-08-27,56.34500122070313,54.81499862670898,55.18500137329102,56.31000137329102,13617400.0,52.65911865234375,NKE
2015-08-28,56.5,55.81999969482422,56.29999923706055,56.25,7526200.0,52.60300827026367,NKE
2015-08-31,56.24499893188477,55.6150016784668,56.19499969482422,55.875,7073600.0,52.2523307800293,NKE
2015-09-01,54.915000915527344,54.01499938964844,54.4900016784668,54.31499862670898,9385200.0,50.79346084594727,NKE
2015-09-02,55.38999938964844,54.599998474121094,55.07500076293945,55.349998474121094,8536400.0,51.7613639831543,NKE
2015-09-03,56.04499816894531,55.20500183105469,55.6150016784668,55.42499923706055,6065000.0,52.09502792358398,NKE
2015-09-04,55.21500015258789,54.47000122070313,54.61000061035156,54.84500122070313,7126200.0,51.54988098144531,NKE
2015-09-08,55.93500137329102,55.11000061035156,55.72999954223633,55.875,5511400.0,52.51799392700195,NKE
2015-09-09,56.49499893188477,54.80500030517578,56.35499954223633,54.93000030517578,6349800.0,51.6297721862793,NKE
2015-09-10,55.52000045776367,54.47000122070313,54.83000183105469,55.18999862670898,7363000.0,51.8741569519043,NKE
2015-09-11,55.91999816894531,54.99499893188477,55.1150016784668,55.90999984741211,5589600.0,52.5508918762207,NKE
2015-09-14,56.02999877929688,55.56999969482422,55.75500106811523,55.94499969482422,6833200.0,52.58378219604492,NKE
2015-09-15,57.040000915527344,55.4000015258789,55.95000076293945,56.91999816894531,7699400.0,53.50021362304688,NKE
2015-09-16,57.95500183105469,56.91999816894531,57.165000915527344,57.790000915527344,8104400.0,54.31794357299805,NKE
2015-09-17,58.39500045776367,57.27999877929688,57.61999893188477,57.6349983215332,8062600.0,54.17224884033203,NKE
2015-09-18,57.81499862670898,56.88000106811523,57.07500076293945,57.5250015258789,18615000.0,54.06886672973633,NKE
2015-09-21,58.54499816894531,57.38000106811523,57.834999084472656,58.27999877929688,8746600.0,54.77850341796875,NKE
2015-09-22,58.08000183105469,57.18999862670898,57.625,57.98500061035156,7555400.0,54.50122833251953,NKE
2015-09-23,58.29999923706055,57.599998474121094,57.98500061035156,57.71500015258789,9055800.0,54.24744033813477,NKE
2015-09-24,57.57500076293945,56.75,57.1500015258789,57.39500045776367,14352600.0,53.9466667175293,NKE
2015-09-25,62.974998474121094,61.349998474121094,61.56499862670898,62.5,36968200.0,58.74495697021485,NKE
2015-09-28,62.38000106811523,60.42499923706055,62.25,61.06999969482422,16450800.0,57.40088653564453,NKE
2015-09-29,61.04499816894531,59.5250015258789,61.0,59.834999084472656,14414400.0,56.24006652832031,NKE
2015-09-30,61.56000137329102,60.36999893188477,60.36999893188477,61.48500061035156,9437800.0,57.79094314575195,NKE
2015-10-01,61.97000122070313,60.63999938964844,61.58000183105469,61.915000915527344,8994200.0,58.19510269165039,NKE
2015-10-02,62.60499954223633,60.77999877929688,61.04499816894531,62.60499954223633,9114400.0,58.84364700317383,NKE
2015-10-05,63.24499893188477,62.04499816894531,62.91999816894531,62.1349983215332,9646400.0,58.40188980102539,NKE
2015-10-06,62.4000015258789,61.29499816894531,62.1349983215332,61.59500122070313,7665400.0,57.89434051513672,NKE
2015-10-07,62.224998474121094,60.5,61.80500030517578,61.04999923706055,10215400.0,57.38207244873047,NKE
2015-10-08,62.61999893188477,61.334999084472656,61.459999084472656,62.45500183105469,7622600.0,58.70266723632813,NKE
2015-10-09,62.66999816894531,62.04499816894531,62.27999877929688,62.47000122070313,6940600.0,58.71676254272461,NKE
2015-10-12,63.54999923706055,62.5099983215332,62.599998474121094,63.21500015258789,5449000.0,59.4169921875,NKE
2015-10-13,63.27000045776367,62.79499816894531,63.0,62.90499877929688,6355400.0,59.12562942504883,NKE
2015-10-14,63.30500030517578,62.69499969482422,62.99499893188477,62.91999816894531,6509000.0,59.13972473144531,NKE
2015-10-15,64.58499908447266,63.47999954223633,63.61000061035156,64.39499664306639,10764800.0,60.52609634399414,NKE
2015-10-16,65.29499816894531,64.43499755859375,64.75,65.23500061035156,9321600.0,61.31564331054688,NKE
2015-10-19,66.76000213623047,65.55500030517578,65.85500335693361,66.60500335693361,12587800.0,62.60332870483398,NKE
2015-10-20,66.68000030517578,65.98500061035156,66.52500152587889,66.18499755859375,9104200.0,62.20856094360352,NKE
2015-10-21,66.61000061035156,65.91500091552734,66.32499694824219,66.23500061035156,5504000.0,62.25555801391602,NKE
2015-10-22,66.72499847412111,65.29000091552734,66.43499755859375,66.20500183105469,9294800.0,62.22735977172852,NKE
2015-10-23,66.59999847412111,64.45500183105469,66.53500366210939,65.26499938964844,10517800.0,61.34383010864258,NKE
2015-10-26,66.11499786376953,65.13500213623047,65.13500213623047,65.69000244140625,6882800.0,61.74331283569336,NKE
2015-10-27,65.62000274658203,64.83000183105469,65.5,65.41000366210939,6150000.0,61.48013687133789,NKE
2015-10-28,66.02500152587889,64.96499633789061,65.86000061035156,65.64499664306639,7091400.0,61.70100784301758,NKE
2015-10-29,65.73500061035156,64.98000335693361,65.33999633789061,65.55999755859375,4959000.0,61.62111282348633,NKE
2015-10-30,65.80999755859375,65.03500366210939,65.77500152587889,65.51499938964844,7230800.0,61.57880401611328,NKE
2015-11-02,66.0,64.73000335693361,65.86499786376953,65.59500122070311,6123200.0,61.65401077270508,NKE
2015-11-03,65.84999847412111,65.33999633789061,65.62000274658203,65.69999694824219,5492000.0,61.75270080566406,NKE
2015-11-04,65.93499755859375,64.94000244140625,65.69499969482422,65.18000030517578,5190200.0,61.26394271850586,NKE
2015-11-05,66.22000122070311,65.23000335693361,65.58999633789061,65.93000030517578,5068200.0,61.9688720703125,NKE
2015-11-06,66.47000122070311,65.68000030517578,65.80000305175781,65.88999938964844,4837600.0,61.9312973022461,NKE
2015-11-09,65.70999908447266,64.63500213623047,65.625,65.23999786376953,6181200.0,61.32033920288086,NKE
2015-11-10,65.34500122070311,64.76499938964844,65.04499816894531,65.0,5287400.0,61.094764709472656,NKE
2015-11-11,65.29499816894531,63.63999938964844,65.13999938964844,63.709999084472656,8578000.0,59.88226318359375,NKE
2015-11-12,64.0,62.70500183105469,63.5,62.9900016784668,9388000.0,59.20551681518555,NKE
2015-11-13,62.61000061035156,60.57500076293945,62.540000915527344,60.93000030517578,16371000.0,57.269287109375,NKE
2015-11-16,61.7400016784668,60.66999816894531,60.9000015258789,61.72999954223633,9146400.0,58.02122116088867,NKE
2015-11-17,61.79999923706055,60.209999084472656,61.5250015258789,61.290000915527344,10581600.0,57.6076545715332,NKE
2015-11-18,63.01499938964844,61.33000183105469,61.52000045776367,62.88999938964844,10597800.0,59.11151885986328,NKE
2015-11-19,63.49499893188477,62.68999862670898,63.13000106811523,62.88999938964844,8557600.0,59.11151885986328,NKE
2015-11-20,66.40000152587889,65.23999786376953,66.03500366210939,66.32499694824219,19064800.0,62.34016036987305,NKE
2015-11-23,66.5,65.88999938964844,66.41000366210939,66.23000335693361,7135600.0,62.25086212158203,NKE
2015-11-24,66.48999786376953,65.62999725341797,65.81500244140625,66.25499725341797,5311600.0,62.27435302734375,NKE
2015-11-25,67.27500152587889,66.51499938964844,66.54000091552734,67.06500244140625,6989000.0,63.03570556640625,NKE
2015-11-27,67.65000152587889,66.66500091552734,67.45999908447266,67.16500091552734,4527800.0,63.12968063354492,NKE
2015-11-30,67.09500122070311,65.81999969482422,66.96499633789061,66.13999938964844,8738800.0,62.16626739501953,NKE
2015-12-01,66.70999908447266,65.95999908447266,66.05999755859375,66.65499877929689,6857000.0,62.65031433105469,NKE
2015-12-02,66.61000061035156,66.05000305175781,66.42500305175781,66.32499694824219,7965600.0,62.34016036987305,NKE
2015-12-03,66.68000030517578,64.5,66.55500030517578,64.55999755859375,10649800.0,60.68119430541992,NKE
2015-12-04,66.45999908447266,64.90000152587889,64.90000152587889,66.16500091552734,7410400.0,62.18976974487305,NKE
2015-12-07,66.44999694824219,65.30500030517578,66.375,65.80000305175781,6190000.0,62.14727401733398,NKE
2015-12-08,66.37000274658203,65.21499633789061,65.43499755859375,65.84999847412111,5605800.0,62.19449234008789,NKE
2015-12-09,65.76999664306639,63.86999893188477,65.37999725341797,64.41999816894531,7442800.0,60.84386825561523,NKE
2015-12-10,64.81999969482422,64.00499725341797,64.36000061035156,64.31999969482422,5682600.0,60.749412536621094,NKE
2015-12-11,63.86999893188477,62.834999084472656,63.81000137329102,63.14500045776367,8276000.0,59.63965606689453,NKE
2015-12-14,64.16500091552734,63.06000137329102,63.31499862670898,63.93000030517578,7991400.0,60.38106155395508,NKE
2015-12-15,65.0,64.17500305175781,64.80000305175781,64.30500030517578,6869600.0,60.73526000976562,NKE
2015-12-16,65.59999847412111,64.41000366210939,64.68499755859375,65.46499633789061,7542200.0,61.83087539672852,NKE
2015-12-17,65.92500305175781,65.03500366210939,65.84999847412111,65.11000061035156,7400800.0,61.495567321777344,NKE
2015-12-18,65.26499938964844,64.18499755859375,64.86499786376953,64.26000213623047,13804600.0,60.6927490234375,NKE
2015-12-21,65.15499877929689,64.30500030517578,64.83999633789061,64.90000152587889,8972600.0,61.29722595214844,NKE
2015-12-22,65.92500305175781,64.91000366210939,65.73999786376953,65.92500305175781,17218400.0,62.26533889770508,NKE
2015-12-23,68.19499969482422,63.90999984741211,68.12000274658203,64.35500335693361,57319400.0,60.78247451782226,NKE
2015-12-24,64.73000335693361,62.1500015258789,64.55000305175781,63.18000030517578,13889100.0,59.67271423339844,NKE
2015-12-28,63.88000106811523,62.79999923706055,63.209999084472656,63.81000137329102,8786800.0,60.267738342285156,NKE
2015-12-29,64.48000335693361,64.01999664306639,64.30999755859375,64.26000213623047,6708600.0,60.6927490234375,NKE
2015-12-30,64.40000152587889,63.16999816894531,64.36000061035156,63.25,5817900.0,59.73881912231445,NKE
2015-12-31,63.16999816894531,62.5,63.1500015258789,62.5,6454700.0,59.03045272827149,NKE
2016-01-04,61.90999984741211,60.86000061035156,61.11000061035156,61.52000045776367,11626800.0,58.10485458374024,NKE
2016-01-05,62.59000015258789,61.72000122070313,61.72000122070313,62.38000106811523,9220600.0,58.91711807250977,NKE
2016-01-06,62.040000915527344,61.1500015258789,61.29999923706055,61.4900016784668,6551600.0,58.07654190063477,NKE
2016-01-07,61.2599983215332,59.77999877929688,60.38999938964844,59.849998474121094,10881300.0,56.52755737304688,NKE
2016-01-08,60.790000915527344,58.65999984741211,60.06000137329102,58.86999893188477,11191300.0,55.60196304321289,NKE
2016-01-11,60.040000915527344,58.540000915527344,58.97000122070313,59.54999923706055,12825000.0,56.24421691894531,NKE
2016-01-12,60.81999969482422,59.56999969482422,60.349998474121094,59.93999862670898,8292200.0,56.612571716308594,NKE
2016-01-13,60.52999877929688,58.66999816894531,60.52999877929688,58.77999877929688,9944300.0,55.51696014404297,NKE
2016-01-14,59.349998474121094,57.27999877929688,59.0,58.5099983215332,9989000.0,55.2619514465332,NKE
2016-01-15,58.13999938964844,56.59000015258789,56.93000030517578,57.56000137329102,12208300.0,54.36469650268555,NKE
2016-01-19,59.06999969482422,57.66999816894531,58.18999862670898,58.31999969482422,9924300.0,55.08250045776367,NKE
2016-01-20,59.59000015258789,56.75,57.25,59.040000915527344,16234200.0,55.76252365112305,NKE
2016-01-21,61.15999984741211,59.06000137329102,59.08000183105469,60.56000137329102,16121600.0,57.19815444946289,NKE
2016-01-22,61.47000122070313,60.59000015258789,61.290000915527344,60.88000106811523,8430100.0,57.50038146972656,NKE
2016-01-25,61.29999923706055,60.61999893188477,61.09000015258789,60.70000076293945,10383400.0,57.33037948608398,NKE
2016-01-26,61.36999893188477,60.27000045776367,60.4900016784668,61.11000061035156,8005200.0,57.71762084960938,NKE
2016-01-27,61.099998474121094,59.20000076293945,60.959999084472656,59.58000183105469,8593700.0,56.27255249023438,NKE
2016-01-28,61.599998474121094,59.97999954223633,60.31999969482422,61.20000076293945,10207000.0,57.80261993408203,NKE
2016-01-29,62.15999984741211,61.20000076293945,61.20000076293945,62.0099983215332,10475200.0,58.56765365600586,NKE
2016-02-01,63.47000122070313,61.70000076293945,61.75,63.15999984741211,8247800.0,59.6538200378418,NKE
2016-02-02,63.5,62.31000137329102,63.02000045776367,62.54999923706055,9458500.0,59.07768249511719,NKE
2016-02-03,62.9000015258789,61.29999923706055,62.88000106811523,62.4900016784668,7213500.0,59.02101135253906,NKE
2016-02-04,62.15999984741211,59.9900016784668,62.02000045776367,60.16999816894531,10455700.0,56.82979965209961,NKE
2016-02-05,59.84000015258789,56.97999954223633,59.7599983215332,57.16999816894531,14415900.0,53.996337890625,NKE
2016-02-08,56.209999084472656,53.63999938964844,56.099998474121094,55.040000915527344,21214500.0,51.98458480834961,NKE
2016-02-09,56.61999893188477,54.27999877929688,54.5,55.68000030517578,10915700.0,52.58904647827149,NKE
2016-02-10,58.18000030517578,55.93000030517578,56.540000915527344,57.40999984741211,13376800.0,54.22301864624024,NKE
2016-02-11,56.90999984741211,55.38999938964844,56.459999084472656,56.0,13090900.0,52.89129257202149,NKE
2016-02-12,57.45000076293945,55.5,57.36999893188477,56.41999816894531,10229500.0,53.28796768188477,NKE
2016-02-16,58.0,56.81999969482422,57.56999969482422,57.790000915527344,8058000.0,54.58192443847656,NKE
2016-02-17,58.599998474121094,57.099998474121094,58.599998474121094,58.16999816894531,10332700.0,54.94082260131836,NKE
2016-02-18,58.959999084472656,57.97999954223633,58.16999816894531,58.599998474121094,9658600.0,55.34695816040039,NKE
2016-02-19,59.31000137329102,57.63000106811523,58.5,59.31000137329102,10080100.0,56.01753234863281,NKE
2016-02-22,60.47999954223633,59.2599983215332,59.31000137329102,60.16999816894531,11523400.0,56.82979965209961,NKE
2016-02-23,60.7400016784668,59.88999938964844,60.2599983215332,60.209999084472656,7504600.0,56.86758422851562,NKE
2016-02-24,60.70000076293945,59.20000076293945,59.7400016784668,60.4000015258789,10390800.0,57.04702758789063,NKE
2016-02-25,62.38000106811523,60.63000106811523,60.68000030517578,62.38000106811523,8524300.0,58.91711807250977,NKE
2016-02-26,63.4900016784668,62.47000122070313,62.63999938964844,62.599998474121094,8896100.0,59.12489700317383,NKE
2016-02-29,62.68000030517578,61.58000183105469,62.459999084472656,61.59000015258789,7720600.0,58.17097091674805,NKE
2016-03-01,63.099998474121094,61.75,61.97000122070313,62.91999816894531,7438300.0,59.42712783813477,NKE
2016-03-02,62.88999938964844,61.5,62.52000045776367,62.22000122070313,8465800.0,58.76599502563477,NKE
2016-03-03,62.20000076293945,60.91999816894531,62.04999923706055,61.47000122070313,7924400.0,58.20730209350586,NKE
2016-03-04,61.540000915527344,60.38000106811523,61.41999816894531,61.2599983215332,7279400.0,58.00845336914063,NKE
2016-03-07,61.13999938964844,58.790000915527344,61.06999969482422,59.25,12829600.0,56.10514450073242,NKE
2016-03-08,60.599998474121094,58.709999084472656,59.02999877929688,59.81000137329102,9307900.0,56.63542938232422,NKE
2016-03-09,59.61999893188477,57.95000076293945,59.58000183105469,58.33000183105469,12766900.0,55.23397827148438,NKE
2016-03-10,59.040000915527344,57.97000122070313,58.70000076293945,58.88000106811523,9402600.0,55.754783630371094,NKE
2016-03-11,60.43999862670898,59.13000106811523,59.13000106811523,60.08000183105469,8834400.0,56.89109420776367,NKE
2016-03-14,61.33000183105469,60.099998474121094,60.18999862670898,60.81000137329102,7090500.0,57.58235549926758,NKE
2016-03-15,61.75,60.36000061035156,60.5,61.4000015258789,6188800.0,58.14103317260742,NKE
2016-03-16,62.22999954223633,61.290000915527344,61.47000122070313,61.86000061035156,7018300.0,58.57661056518555,NKE
2016-03-17,63.38000106811523,61.7400016784668,61.7599983215332,63.18000030517578,9926800.0,59.82656478881836,NKE
2016-03-18,63.97999954223633,62.849998474121094,63.54999923706055,62.9900016784668,13192900.0,59.64663696289063,NKE
2016-03-21,65.29000091552734,63.4000015258789,63.54999923706055,64.72000122070311,13635400.0,61.28482055664063,NKE
2016-03-22,65.44000244140625,64.16999816894531,64.83000183105469,64.90000152587889,18212900.0,61.45525741577149,NKE
2016-03-23,63.45000076293945,61.1500015258789,61.33000183105469,62.43999862670898,26987000.0,59.125831604003906,NKE
2016-03-24,62.13999938964844,61.11999893188477,62.06000137329102,61.6500015258789,12231300.0,58.37776565551758,NKE
2016-03-28,61.97999954223633,61.25,61.58000183105469,61.34000015258789,7899000.0,58.0842170715332,NKE
2016-03-29,61.9000015258789,61.25,61.2599983215332,61.4900016784668,7837800.0,58.22626495361328,NKE
2016-03-30,62.40999984741211,61.77000045776367,61.77000045776367,62.040000915527344,7859300.0,58.74706268310547,NKE
2016-03-31,62.63999938964844,61.31000137329102,61.9900016784668,61.47000122070313,8257800.0,58.20730209350586,NKE
2016-04-01,61.81999969482422,61.1500015258789,61.22000122070313,61.59000015258789,7555300.0,58.3209457397461,NKE
2016-04-04,61.849998474121094,59.41999816894531,61.72999954223633,59.97000122070313,16523400.0,56.78692245483398,NKE
2016-04-05,60.16999816894531,59.43999862670898,59.61999893188477,59.66999816894531,7554000.0,56.50285720825195,NKE
2016-04-06,60.68000030517578,59.18999862670898,59.599998474121094,60.31000137329102,10201500.0,57.10888671875,NKE
2016-04-07,60.58000183105469,59.709999084472656,59.790000915527344,60.29999923706055,7092900.0,57.09941482543945,NKE
2016-04-08,60.56000137329102,59.31999969482422,60.4900016784668,59.41999816894531,8761700.0,56.2661247253418,NKE
2016-04-11,59.77999877929688,57.81999969482422,59.72999954223633,57.91999816894531,12593400.0,54.84574508666992,NKE
2016-04-12,58.61999893188477,56.88999938964844,58.0,58.54999923706055,12471100.0,55.442298889160156,NKE
2016-04-13,59.95000076293945,58.83000183105469,59.02000045776367,59.58000183105469,10629100.0,56.41763687133789,NKE
2016-04-14,60.34000015258789,59.43999862670898,59.709999084472656,59.4900016784668,7785200.0,56.3324089050293,NKE
2016-04-15,59.59000015258789,58.38999938964844,59.02000045776367,59.5,7653600.0,56.34187316894531,NKE
2016-04-18,60.0,59.38000106811523,59.38000106811523,59.56999969482422,6075900.0,56.408164978027344,NKE
2016-04-19,59.9900016784668,59.33000183105469,59.959999084472656,59.56000137329102,6594400.0,56.3986930847168,NKE
2016-04-20,60.2400016784668,59.43000030517578,59.43000030517578,59.61999893188477,7177500.0,56.45550918579102,NKE
2016-04-21,60.52999877929688,59.709999084472656,60.52999877929688,60.08000183105469,7156700.0,56.89109420776367,NKE
2016-04-22,60.22000122070313,58.97000122070313,60.18000030517578,59.43000030517578,8294300.0,56.27559280395508,NKE
2016-04-25,59.41999816894531,58.7599983215332,59.34000015258789,59.209999084472656,6117700.0,56.0672607421875,NKE
2016-04-26,59.97000122070313,59.27000045776367,59.31000137329102,59.540000915527344,5582200.0,56.37975311279297,NKE
2016-04-27,59.72999954223633,58.63000106811523,59.63000106811523,59.27000045776367,8094600.0,56.12408447265625,NKE
2016-04-28,59.88999938964844,58.41999816894531,58.95000076293945,58.540000915527344,6028600.0,55.432838439941406,NKE
2016-04-29,59.09000015258789,58.099998474121094,58.40999984741211,58.93999862670898,8178700.0,55.81159210205078,NKE
2016-05-02,59.75,58.9900016784668,59.09000015258789,59.59000015258789,8647800.0,56.427101135253906,NKE
2016-05-03,59.849998474121094,59.02999877929688,59.2400016784668,59.52000045776367,8061300.0,56.36082077026367,NKE
2016-05-04,59.959999084472656,58.81999969482422,59.22999954223633,59.11000061035156,8062800.0,55.97257995605469,NKE
2016-05-05,58.97999954223633,58.0,58.93999862670898,58.18999862670898,7846000.0,55.10141372680664,NKE
2016-05-06,58.43999862670898,57.38000106811523,58.15999984741211,58.43000030517578,7308000.0,55.32868194580078,NKE
2016-05-09,59.18999862670898,58.45000076293945,58.59000015258789,58.72000122070313,5604900.0,55.6032829284668,NKE
2016-05-10,59.9900016784668,58.61000061035156,58.61000061035156,59.20000076293945,7600200.0,56.05780410766602,NKE
2016-05-11,58.68000030517578,56.849998474121094,58.5,57.0099983215332,12823000.0,53.98404312133789,NKE
2016-05-12,58.34000015258789,57.31000137329102,57.52000045776367,57.9900016784668,8083700.0,54.91202926635742,NKE
2016-05-13,58.11999893188477,57.27999877929688,57.7400016784668,57.31000137329102,7392600.0,54.26810836791992,NKE
2016-05-16,57.52999877929688,56.63000106811523,57.27000045776367,57.13999938964844,8045900.0,54.107139587402344,NKE
2016-05-17,57.38000106811523,56.6500015258789,57.1500015258789,57.099998474121094,7620700.0,54.06927108764648,NKE
2016-05-18,56.86999893188477,55.66999816894531,56.7599983215332,56.11999893188477,11532800.0,53.14127731323242,NKE
2016-05-19,57.29999923706055,55.66999816894531,55.81999969482422,57.040000915527344,9376500.0,54.01245880126953,NKE
2016-05-20,57.06000137329102,55.40999984741211,55.88000106811523,56.47999954223633,13745300.0,53.48217391967773,NKE
2016-05-23,56.97000122070313,55.95000076293945,56.599998474121094,55.9900016784668,7780700.0,53.0181770324707,NKE
2016-05-24,56.77000045776367,55.86000061035156,56.04999923706055,56.59000015258789,11098700.0,53.586326599121094,NKE
2016-05-25,56.68999862670898,55.77000045776367,56.47000122070313,55.9900016784668,9921500.0,53.0181770324707,NKE
2016-05-26,56.36000061035156,55.599998474121094,56.04999923706055,55.84000015258789,9063100.0,52.87614440917969,NKE
2016-05-27,56.52999877929688,55.97999954223633,56.16999816894531,56.18999862670898,8525900.0,53.207557678222656,NKE
2016-05-31,56.47000122070313,55.16999816894531,56.40999984741211,55.22000122070313,14233600.0,52.2890510559082,NKE
2016-06-01,55.040000915527344,52.91999816894531,53.33000183105469,54.93000030517578,28409300.0,52.01444625854492,NKE
2016-06-02,54.66999816894531,54.22000122070313,54.22000122070313,54.52999877929688,13901700.0,51.78651428222656,NKE
2016-06-03,54.56999969482422,53.4000015258789,54.290000915527344,53.45000076293945,17265800.0,50.76085662841797,NKE
2016-06-06,54.540000915527344,53.68999862670898,53.77000045776367,54.29999923706055,13808300.0,51.568092346191406,NKE
2016-06-07,54.349998474121094,53.54999923706055,54.15999984741211,53.54999923706055,13334000.0,50.85582733154297,NKE
2016-06-08,54.34000015258789,53.65999984741211,53.83000183105469,54.11999893188477,12068500.0,51.39715194702149,NKE
2016-06-09,55.04999923706055,53.88000106811523,54.11000061035156,54.93999862670898,11609800.0,52.1758918762207,NKE
2016-06-10,55.36000061035156,54.54999923706055,54.63999938964844,55.11000061035156,12183600.0,52.33733749389648,NKE
2016-06-13,55.63999938964844,54.88000106811523,55.0,54.90999984741211,8582200.0,52.14739990234375,NKE
2016-06-14,54.93999862670898,54.08000183105469,54.58000183105469,54.11999893188477,9585600.0,51.39715194702149,NKE
2016-06-15,55.06000137329102,54.2400016784668,54.2400016784668,54.31000137329102,7498400.0,51.57758712768555,NKE
2016-06-16,53.63999938964844,52.93999862670898,53.540000915527344,53.47000122070313,14456500.0,50.77985382080078,NKE
2016-06-17,53.86999893188477,53.15999984741211,53.45000076293945,53.709999084472656,11007100.0,51.00777816772461,NKE
2016-06-20,55.1500015258789,54.22999954223633,54.22999954223633,54.36000061035156,8429400.0,51.62507629394531,NKE
2016-06-21,55.09000015258789,54.43999862670898,54.459999084472656,54.77000045776367,8278200.0,52.014442443847656,NKE
2016-06-22,55.13999938964844,54.52999877929688,55.0,54.56999969482422,7019600.0,51.824501037597656,NKE
2016-06-23,55.18000030517578,53.95000076293945,55.11000061035156,54.11999893188477,11219800.0,51.39715194702149,NKE
2016-06-24,53.36000061035156,52.18000030517578,52.36000061035156,52.59000015258789,18481200.0,49.94412231445313,NKE
2016-06-27,52.52000045776367,51.47999954223633,52.0,51.88999938964844,15265700.0,49.27934265136719,NKE
2016-06-28,53.20000076293945,51.56999969482422,52.040000915527344,53.09000015258789,20837800.0,50.4189682006836,NKE
2016-06-29,55.13999938964844,52.88999938964844,54.5,55.13000106811523,36084800.0,52.3563346862793,NKE
2016-06-30,55.43000030517578,54.599998474121094,55.290000915527344,55.20000076293945,17350500.0,52.422813415527344,NKE
2016-07-01,55.81000137329102,54.90999984741211,55.06999969482422,55.61000061035156,9285100.0,52.81218719482422,NKE
2016-07-05,55.90999984741211,55.0099983215332,55.34000015258789,55.20000076293945,10256100.0,52.422813415527344,NKE
2016-07-06,55.81000137329102,54.81999969482422,54.88000106811523,55.79999923706055,7863400.0,52.99262619018555,NKE
2016-07-07,55.97999954223633,55.56000137329102,55.79999923706055,55.91999816894531,6948000.0,53.1065788269043,NKE
2016-07-08,56.81999969482422,56.09000015258789,56.099998474121094,56.72000122070313,8645900.0,53.8663444519043,NKE
2016-07-11,57.22999954223633,56.709999084472656,56.83000183105469,56.83000183105469,8122500.0,53.97079467773438,NKE
2016-07-12,58.20000076293945,57.06999969482422,57.09000015258789,58.06000137329102,11164400.0,55.13892364501953,NKE
2016-07-13,58.43999862670898,57.72999954223633,58.18000030517578,57.9900016784668,9126500.0,55.07244491577149,NKE
2016-07-14,58.599998474121094,58.1500015258789,58.29999923706055,58.4900016784668,7488400.0,55.54728698730469,NKE
2016-07-15,58.86999893188477,57.86999893188477,58.59000015258789,57.86999893188477,9225200.0,54.95847702026367,NKE
2016-07-18,58.15999984741211,57.7400016784668,58.0,57.7400016784668,6478900.0,54.83501434326172,NKE
2016-07-19,57.77000045776367,57.1500015258789,57.459999084472656,57.7599983215332,7442700.0,54.85400772094727,NKE
2016-07-20,58.099998474121094,57.7400016784668,57.9900016784668,57.7599983215332,5872400.0,54.85400772094727,NKE
2016-07-21,58.02999877929688,56.56999969482422,57.9900016784668,56.9900016784668,8262000.0,54.12274932861328,NKE
2016-07-22,56.959999084472656,56.43000030517578,56.81999969482422,56.72999954223633,8614700.0,53.875831604003906,NKE
2016-07-25,57.1500015258789,56.459999084472656,56.86999893188477,57.13999938964844,7256300.0,54.26520538330078,NKE
2016-07-26,57.86999893188477,56.25,57.20000076293945,56.36999893188477,8546700.0,53.53395080566406,NKE
2016-07-27,57.0,55.47000122070313,56.5,55.790000915527344,10295400.0,52.98312377929688,NKE
2016-07-28,55.81000137329102,54.97999954223633,55.59000015258789,55.45000076293945,9574100.0,52.660240173339844,NKE
2016-07-29,55.65999984741211,55.209999084472656,55.27000045776367,55.5,6353400.0,52.70771408081055,NKE
2016-08-01,55.86999893188477,55.29999923706055,55.72999954223633,55.40999984741211,6268400.0,52.62225341796875,NKE
2016-08-02,55.27999877929688,54.77999877929688,55.22999954223633,54.91999816894531,7145600.0,52.15689086914063,NKE
2016-08-03,55.18999862670898,54.27999877929688,54.54999923706055,54.75,9687300.0,51.99544525146485,NKE
2016-08-04,55.56999969482422,54.6500015258789,54.959999084472656,54.790000915527344,8678100.0,52.03342819213867,NKE
2016-08-05,56.06000137329102,55.16999816894531,55.31999969482422,55.849998474121094,7512500.0,53.04010772705078,NKE
2016-08-08,56.38999938964844,55.68000030517578,56.13000106811523,55.97999954223633,6307000.0,53.1635627746582,NKE
2016-08-09,56.2400016784668,55.68999862670898,56.08000183105469,55.77000045776367,8044400.0,52.96413803100586,NKE
2016-08-10,56.18000030517578,55.06999969482422,55.95000076293945,55.13000106811523,6881400.0,52.3563346862793,NKE
2016-08-11,56.88999938964844,55.47999954223633,55.63000106811523,56.72999954223633,9539500.0,53.875831604003906,NKE
2016-08-12,56.7599983215332,56.13000106811523,56.70000076293945,56.45000076293945,5393400.0,53.60992431640625,NKE
2016-08-15,57.06000137329102,56.61999893188477,56.6500015258789,56.77000045776367,4836300.0,53.913818359375,NKE
2016-08-16,57.040000915527344,56.41999816894531,56.79999923706055,56.88000106811523,4901800.0,54.018287658691406,NKE
2016-08-17,56.97000122070313,56.540000915527344,56.86999893188477,56.86000061035156,7340500.0,53.99930191040039,NKE
2016-08-18,57.459999084472656,56.9000015258789,56.9900016784668,57.209999084472656,6043600.0,54.33168411254883,NKE
2016-08-19,59.13999938964844,57.25,57.4000015258789,58.9000015258789,15987100.0,55.93666458129883,NKE
2016-08-22,59.459999084472656,58.6500015258789,58.81999969482422,58.65999984741211,8266000.0,55.70873260498047,NKE
2016-08-23,59.79999923706055,58.79999923706055,58.79999923706055,59.61999893188477,8222800.0,56.62043380737305,NKE
2016-08-24,60.33000183105469,59.72000122070313,59.88999938964844,60.22000122070313,11379000.0,57.19024276733398,NKE
2016-08-25,60.1500015258789,59.02999877929688,60.0099983215332,59.2400016784668,8713900.0,56.25955581665039,NKE
2016-08-26,59.20000076293945,58.29999923706055,58.56999969482422,59.0,9994300.0,56.0316276550293,NKE
2016-08-29,59.25,58.52999877929688,59.20000076293945,58.63000106811523,5831000.0,55.68024826049805,NKE
2016-08-30,58.7599983215332,57.849998474121094,58.459999084472656,58.0,6344600.0,55.08193588256836,NKE
2016-08-31,58.27999877929688,57.18999862670898,57.86000061035156,57.63999938964844,7723600.0,54.74004745483398,NKE
2016-09-01,58.54999923706055,57.52999877929688,57.66999816894531,58.540000915527344,8225000.0,55.74952697753906,NKE
2016-09-02,59.18000030517578,57.9900016784668,58.63000106811523,58.02000045776367,6933100.0,55.40574645996094,NKE
2016-09-06,58.38000106811523,57.209999084472656,58.25,57.40999984741211,9771800.0,54.82322692871094,NKE
2016-09-07,57.77999877929688,57.0099983215332,57.47999954223633,57.72000122070313,7536100.0,55.11925506591797,NKE
2016-09-08,57.27000045776367,56.11000061035156,56.88000106811523,56.16999816894531,12741900.0,53.63909912109375,NKE
2016-09-09,56.0,55.27000045776367,55.88000106811523,55.33000183105469,11310400.0,52.836952209472656,NKE
2016-09-12,56.11999893188477,54.95000076293945,55.0,56.0099983215332,7470900.0,53.486305236816406,NKE
2016-09-13,55.93999862670898,55.11999893188477,55.86000061035156,55.36999893188477,7359400.0,52.87514877319336,NKE
2016-09-14,55.56000137329102,54.93000030517578,55.15999984741211,55.13000106811523,7621200.0,52.64595413208008,NKE
2016-09-15,55.540000915527344,54.81000137329102,55.0,55.47000122070313,6283900.0,52.97064208984375,NKE
2016-09-16,55.36000061035156,55.04999923706055,55.2400016784668,55.18000030517578,11715400.0,52.69370651245117,NKE
2016-09-19,55.47000122070313,54.93000030517578,55.38000106811523,54.95000076293945,7671300.0,52.47407531738281,NKE
2016-09-20,55.43999862670898,54.7599983215332,55.2599983215332,54.86999893188477,8563000.0,52.39767074584961,NKE
2016-09-21,55.38000106811523,54.61000061035156,55.02000045776367,55.34000015258789,8041700.0,52.84649276733398,NKE
2016-09-22,55.97999954223633,55.2400016784668,55.47000122070313,55.40999984741211,8052400.0,52.91334915161133,NKE
2016-09-23,55.709999084472656,54.90999984741211,55.02000045776367,55.1500015258789,8921700.0,52.6650619506836,NKE
2016-09-26,55.0,54.08000183105469,54.79999923706055,54.4000015258789,11629600.0,51.9488525390625,NKE
2016-09-27,55.540000915527344,53.9000015258789,54.25,55.34000015258789,17945200.0,52.84649276733398,NKE
2016-09-28,55.0,52.79999923706055,54.599998474121094,53.25,33213000.0,50.85066604614258,NKE
2016-09-29,53.58000183105469,52.11999893188477,52.91999816894531,52.15999984741211,16993900.0,49.809776306152344,NKE
2016-09-30,53.06000137329102,52.27999877929688,52.56999969482422,52.6500015258789,12940200.0,50.27770233154297,NKE
2016-10-03,53.0,52.41999816894531,52.540000915527344,52.66999816894531,7632500.0,50.29680252075195,NKE
2016-10-04,53.06000137329102,52.08000183105469,52.9000015258789,52.13999938964844,10737400.0,49.79067611694336,NKE
2016-10-05,52.63999938964844,52.099998474121094,52.1500015258789,52.11999893188477,7244100.0,49.77158737182617,NKE
2016-10-06,52.33000183105469,51.97000122070313,52.20000076293945,52.02999877929688,9391700.0,49.685630798339844,NKE
2016-10-07,52.459999084472656,51.68000030517578,52.41999816894531,51.790000915527344,8407100.0,49.45645523071289,NKE
2016-10-10,52.25,51.77000045776367,52.13000106811523,51.790000915527344,5469300.0,49.45645523071289,NKE
2016-10-11,52.25,51.52000045776367,51.95000076293945,51.81999969482422,9203500.0,49.48509216308594,NKE
2016-10-12,52.709999084472656,51.79999923706055,52.0099983215332,52.43999862670898,9301300.0,50.07716751098633,NKE
2016-10-13,52.31999969482422,51.5,52.11999893188477,52.02999877929688,8425800.0,49.685630798339844,NKE
2016-10-14,52.5,51.61999893188477,52.38000106811523,51.61999893188477,7133800.0,49.29410934448242,NKE
2016-10-17,51.75,50.959999084472656,51.6500015258789,51.02999877929688,7904000.0,48.7307014465332,NKE
2016-10-18,51.65999984741211,51.18999862670898,51.29999923706055,51.22000122070313,6805200.0,48.91213989257813,NKE
2016-10-19,51.84000015258789,51.13999938964844,51.34000015258789,51.79999923706055,6999000.0,49.46600723266602,NKE
2016-10-20,52.36000061035156,51.68999862670898,51.77000045776367,51.88999938964844,6590500.0,49.55194473266602,NKE
2016-10-21,51.86999893188477,51.25,51.7400016784668,51.77000045776367,9161000.0,49.43735122680664,NKE
2016-10-24,52.290000915527344,51.83000183105469,52.15999984741211,51.86999893188477,7578200.0,49.5328483581543,NKE
2016-10-25,51.43999862670898,50.709999084472656,50.97000122070313,51.04999923706055,14975300.0,48.74980163574219,NKE
2016-10-26,52.27000045776367,50.9000015258789,50.95000076293945,51.97000122070313,12401100.0,49.628334045410156,NKE
2016-10-27,52.34000015258789,51.68999862670898,52.34000015258789,51.88999938964844,7939200.0,49.55194473266602,NKE
2016-10-28,52.5,51.790000915527344,52.11999893188477,52.02000045776367,9096700.0,49.67608642578125,NKE
2016-10-31,51.1500015258789,50.0,50.88000106811523,50.18000030517578,17931300.0,47.91899871826172,NKE
2016-11-01,50.5099983215332,49.13999938964844,50.5,49.61999893188477,14100400.0,47.38422775268555,NKE
2016-11-02,50.27000045776367,49.0099983215332,49.2400016784668,49.72000122070313,10775900.0,47.47972106933594,NKE
2016-11-03,50.0,49.31000137329102,49.97999954223633,49.72999954223633,7678700.0,47.4892692565918,NKE
2016-11-04,50.45000076293945,49.7599983215332,49.79999923706055,49.959999084472656,9925200.0,47.70890426635742,NKE
2016-11-07,50.93000030517578,50.27999877929688,50.47999954223633,50.90999984741211,8358700.0,48.61610794067383,NKE
2016-11-08,51.4900016784668,50.95000076293945,51.099998474121094,51.08000183105469,8111400.0,48.77844619750977,NKE
2016-11-09,51.27000045776367,49.79999923706055,50.06999969482422,51.11999893188477,9058600.0,48.81663513183594,NKE
2016-11-10,51.36999893188477,50.33000183105469,51.290000915527344,50.38999938964844,12316100.0,48.11953353881836,NKE
2016-11-11,50.849998474121094,50.18000030517578,50.22000122070313,50.77000045776367,6300600.0,48.48241806030274,NKE
2016-11-14,51.18999862670898,50.209999084472656,51.18000030517578,50.209999084472656,8063900.0,47.9476432800293,NKE
2016-11-15,50.63999938964844,49.75,50.459999084472656,50.13000106811523,9299800.0,47.87124633789063,NKE
2016-11-16,50.79999923706055,49.95000076293945,50.0,50.68000030517578,6760300.0,48.39646530151367,NKE
2016-11-17,51.66999816894531,50.72000122070313,50.93999862670898,51.59000015258789,7671600.0,49.26547241210938,NKE
2016-11-18,51.88999938964844,50.959999084472656,51.38999938964844,51.099998474121094,7461600.0,48.79754638671875,NKE
2016-11-21,51.41999816894531,50.95000076293945,51.0,51.27999877929688,5357200.0,48.96943664550781,NKE
2016-11-22,51.75,51.04999923706055,51.47000122070313,51.709999084472656,5228100.0,49.38005828857422,NKE
2016-11-23,51.849998474121094,51.20000076293945,51.709999084472656,51.34000015258789,4141600.0,49.02672958374024,NKE
2016-11-25,51.7400016784668,51.349998474121094,51.68000030517578,51.52000045776367,2736800.0,49.1986198425293,NKE
2016-11-28,51.43999862670898,50.61000061035156,51.43999862670898,51.0099983215332,8602100.0,48.71160125732422,NKE
2016-11-29,51.36999893188477,50.56999969482422,51.20000076293945,50.63000106811523,6065700.0,48.34872436523438,NKE
2016-11-30,50.81000137329102,50.06999969482422,50.52000045776367,50.06999969482422,8198400.0,47.8139533996582,NKE
2016-12-01,51.25,50.06000137329102,50.11000061035156,50.6500015258789,7610100.0,48.54233169555664,NKE
2016-12-02,50.68000030517578,50.11000061035156,50.2599983215332,50.459999084472656,6933300.0,48.3602294921875,NKE
2016-12-05,52.27000045776367,50.70000076293945,50.79999923706055,51.849998474121094,12031200.0,49.6923942565918,NKE
2016-12-06,51.099998474121094,50.2599983215332,50.83000183105469,50.56999969482422,12496300.0,48.46565628051758,NKE
2016-12-07,52.25,50.599998474121094,50.790000915527344,52.099998474121094,10412600.0,49.93199157714844,NKE
2016-12-08,52.47000122070313,51.45000076293945,52.1500015258789,51.54999923706055,9260900.0,49.404869079589844,NKE
2016-12-09,51.97000122070313,51.5,51.7599983215332,51.72000122070313,5869800.0,49.56780242919922,NKE
2016-12-12,51.9000015258789,50.93999862670898,51.5,51.540000915527344,11459500.0,49.39529800415039,NKE
2016-12-13,53.22000122070313,51.83000183105469,51.83000183105469,52.29999923706055,11442300.0,50.12366485595703,NKE
2016-12-14,52.34000015258789,51.59000015258789,52.2400016784668,51.790000915527344,8012800.0,49.6348876953125,NKE
2016-12-15,52.040000915527344,51.09000015258789,52.0,51.290000915527344,9567500.0,49.15569686889648,NKE
2016-12-16,51.63999938964844,50.66999816894531,51.599998474121094,50.91999816894531,13984900.0,48.80109405517578,NKE
2016-12-19,51.36000061035156,50.47999954223633,50.90999984741211,50.849998474121094,9451700.0,48.73400497436523,NKE
2016-12-20,51.9900016784668,50.75,51.06000137329102,51.790000915527344,15984100.0,49.6348876953125,NKE
2016-12-21,53.349998474121094,51.54999923706055,52.9000015258789,52.29999923706055,23236400.0,50.12366485595703,NKE
2016-12-22,53.0,52.02999877929688,52.79999923706055,52.13999938964844,11798900.0,49.9703254699707,NKE
2016-12-23,52.349998474121094,51.66999816894531,51.9900016784668,51.90999984741211,9360800.0,49.749900817871094,NKE
2016-12-27,52.25,51.20000076293945,51.79999923706055,51.290000915527344,8175000.0,49.15569686889648,NKE
2016-12-28,51.5,50.86999893188477,51.31000137329102,51.02000045776367,6318000.0,48.89693069458008,NKE
2016-12-29,51.2400016784668,50.88000106811523,51.0,51.06000137329102,4680800.0,48.93526840209961,NKE
2016-12-30,51.33000183105469,50.70000076293945,51.099998474121094,50.83000183105469,7384300.0,48.71483612060547,NKE
2017-01-03,52.5,51.77000045776367,51.9900016784668,51.97999954223633,13295600.0,49.81698226928711,NKE
2017-01-04,53.349998474121094,52.09000015258789,52.22999954223633,53.06999969482422,13759500.0,50.86162567138672,NKE
2017-01-05,53.099998474121094,52.43999862670898,52.91999816894531,53.06000137329102,8682200.0,50.8520393371582,NKE
2017-01-06,54.09000015258789,52.97999954223633,53.09000015258789,53.90999984741211,12532400.0,51.666664123535156,NKE
2017-01-09,53.9900016784668,53.22000122070313,53.959999084472656,53.38000106811523,8835300.0,51.15872573852539,NKE
2017-01-10,53.72999954223633,53.11000061035156,53.54999923706055,53.11000061035156,8041900.0,50.89996719360352,NKE
2017-01-11,53.290000915527344,52.66999816894531,53.11999893188477,52.68999862670898,8208300.0,50.49744033813477,NKE
2017-01-12,52.68999862670898,52.15999984741211,52.5099983215332,52.4000015258789,7368700.0,50.219505310058594,NKE
2017-01-13,52.93000030517578,52.22999954223633,52.59000015258789,52.91999816894531,6694400.0,50.71786117553711,NKE
2017-01-17,53.95000076293945,53.0099983215332,53.4000015258789,53.6500015258789,9888500.0,51.41749954223633,NKE
2017-01-18,53.88999938964844,52.86000061035156,53.86000061035156,53.27000045776367,6743100.0,51.053306579589844,NKE
2017-01-19,53.93999862670898,52.88999938964844,53.84000015258789,52.93000030517578,8320600.0,50.72745132446289,NKE
2017-01-20,53.349998474121094,52.9000015258789,53.22000122070313,53.20000076293945,7861000.0,50.98621368408203,NKE
2017-01-23,53.2599983215332,52.72000122070313,53.02000045776367,53.2400016784668,7025700.0,51.02455139160156,NKE
2017-01-24,53.56999969482422,52.9900016784668,53.02000045776367,53.45000076293945,6321300.0,51.2258186340332,NKE
2017-01-25,54.11999893188477,53.68999862670898,53.72999954223633,53.86000061035156,6675000.0,51.6187515258789,NKE
2017-01-26,54.11999893188477,53.36000061035156,54.11000061035156,53.6500015258789,6202000.0,51.41749954223633,NKE
2017-01-27,54.08000183105469,53.02999877929688,53.68000030517578,53.18999862670898,7362000.0,50.97662353515625,NKE
2017-01-30,53.22000122070313,52.40999984741211,52.77999877929688,53.08000183105469,9770800.0,50.87120819091797,NKE
2017-01-31,52.9000015258789,51.63000106811523,51.68000030517578,52.9000015258789,12342900.0,50.69869995117188,NKE
2017-02-01,53.2599983215332,52.61000061035156,52.97999954223633,53.02000045776367,8810900.0,50.8137092590332,NKE
2017-02-02,53.0099983215332,52.47999954223633,53.0,52.79999923706055,7874200.0,50.60287094116211,NKE
2017-02-03,52.81000137329102,52.25,52.61999893188477,52.36000061035156,8850400.0,50.1811752319336,NKE
2017-02-06,52.79999923706055,52.04999923706055,52.09000015258789,52.79999923706055,7355200.0,50.60287094116211,NKE
2017-02-07,53.27999877929688,52.66999816894531,53.06999969482422,52.81000137329102,6446900.0,50.61244201660156,NKE
2017-02-08,53.93999862670898,52.70000076293945,52.7400016784668,53.88000106811523,9281100.0,51.63792037963867,NKE
2017-02-09,55.70000076293945,53.88000106811523,53.88000106811523,55.31000137329102,14345400.0,53.00841903686523,NKE
2017-02-10,56.47000122070313,55.63000106811523,55.63000106811523,56.22000122070313,14973400.0,53.88055419921875,NKE
2017-02-13,56.34000015258789,55.75,56.16999816894531,56.09000015258789,7679800.0,53.75595474243164,NKE
2017-02-14,56.68999862670898,55.83000183105469,55.91999816894531,56.45000076293945,8891400.0,54.100975036621094,NKE
2017-02-15,56.7599983215332,56.209999084472656,56.290000915527344,56.63999938964844,6652000.0,54.2830696105957,NKE
2017-02-16,56.91999816894531,56.099998474121094,56.88000106811523,56.290000915527344,8374200.0,53.94763565063477,NKE
2017-02-17,56.79999923706055,55.86000061035156,56.11999893188477,56.75,12638000.0,54.38848876953125,NKE
2017-02-21,57.45000076293945,56.20000076293945,56.38000106811523,57.36000061035156,10955000.0,54.97311019897461,NKE
2017-02-22,58.38000106811523,57.36000061035156,57.47999954223633,58.2400016784668,10914100.0,55.816490173339844,NKE
2017-02-23,58.4000015258789,57.27000045776367,58.11000061035156,57.38999938964844,12316300.0,55.00186538696289,NKE
2017-02-24,58.41999816894531,57.06999969482422,57.38999938964844,57.86000061035156,9684500.0,55.45230484008789,NKE
2017-02-27,57.83000183105469,57.349998474121094,57.6500015258789,57.68999862670898,4375700.0,55.28937530517578,NKE
2017-02-28,57.54999923706055,56.86000061035156,57.36999893188477,57.15999984741211,7951300.0,54.78143310546875,NKE
2017-03-01,58.02999877929688,57.33000183105469,57.86000061035156,57.95000076293945,8558900.0,55.5385627746582,NKE
2017-03-02,58.25,57.6500015258789,57.9000015258789,57.79999923706055,6438400.0,55.56739807128906,NKE
2017-03-03,57.79999923706055,56.5099983215332,57.79999923706055,56.70000076293945,9181600.0,54.5098876953125,NKE
2017-03-06,56.93000030517578,56.52999877929688,56.70000076293945,56.77000045776367,6896800.0,54.57718276977539,NKE
2017-03-07,56.9900016784668,56.02000045776367,56.709999084472656,56.54999923706055,7124400.0,54.36568069458008,NKE
2017-03-08,56.93999862670898,56.31000137329102,56.93999862670898,56.5099983215332,7604800.0,54.32722091674805,NKE
2017-03-09,56.65999984741211,56.09000015258789,56.61000061035156,56.36000061035156,6165700.0,54.18301773071289,NKE
2017-03-10,56.9900016784668,56.2599983215332,56.4900016784668,56.43000030517578,8882400.0,54.25031661987305,NKE
2017-03-13,56.81999969482422,56.11000061035156,56.43000030517578,56.66999816894531,7235900.0,54.48103713989258,NKE
2017-03-14,58.0099983215332,56.72000122070313,56.86999893188477,57.27999877929688,9286900.0,55.06747817993164,NKE
2017-03-15,57.9900016784668,56.75,57.63000106811523,57.65999984741211,10067500.0,55.43280792236328,NKE
2017-03-16,57.72000122070313,56.83000183105469,57.43000030517578,57.599998474121094,9895000.0,55.37511825561523,NKE
2017-03-17,57.88999938964844,57.31000137329102,57.77000045776367,57.79999923706055,10791500.0,55.56739807128906,NKE
2017-03-20,58.81000137329102,57.959999084472656,58.0,58.68000030517578,13352500.0,56.41340255737305,NKE
2017-03-21,59.0,57.72000122070313,58.77999877929688,58.0099983215332,15269800.0,55.76928329467773,NKE
2017-03-22,55.0,53.7599983215332,54.7599983215332,53.91999816894531,37413400.0,51.8372688293457,NKE
2017-03-23,55.54999923706055,54.52000045776367,54.61000061035156,55.36999893188477,23848300.0,53.23125839233398,NKE
2017-03-24,56.63999938964844,55.11999893188477,55.290000915527344,56.36000061035156,14438600.0,54.18301773071289,NKE
2017-03-27,56.25,55.540000915527344,55.63999938964844,55.93000030517578,8663600.0,53.7696304321289,NKE
2017-03-28,56.77999877929688,55.790000915527344,55.9900016784668,56.61999893188477,7823900.0,54.4329719543457,NKE
2017-03-29,57.099998474121094,56.349998474121094,56.40999984741211,56.68000030517578,7456200.0,54.49065780639648,NKE
2017-03-30,56.599998474121094,55.81000137329102,56.47999954223633,56.040000915527344,7210500.0,53.8753776550293,NKE
2017-03-31,56.02999877929688,55.6500015258789,56.0,55.72999954223633,5905600.0,53.57735824584961,NKE
2017-04-03,55.79999923706055,55.1500015258789,55.7400016784668,55.56000137329102,7088800.0,53.41392135620117,NKE
2017-04-04,55.29999923706055,54.83000183105469,55.1500015258789,55.040000915527344,8843300.0,52.91400146484375,NKE
2017-04-05,55.79999923706055,54.5,54.97000122070313,54.97999954223633,7722100.0,52.8563346862793,NKE
2017-04-06,55.93999862670898,54.93999862670898,55.06999969482422,55.13999938964844,6692200.0,53.0101432800293,NKE
2017-04-07,55.2400016784668,54.77000045776367,55.099998474121094,55.11000061035156,6078300.0,52.981300354003906,NKE
2017-04-10,55.33000183105469,54.72000122070313,55.0,54.9000015258789,5472700.0,52.77941513061523,NKE
2017-04-11,55.06999969482422,54.54999923706055,54.95000076293945,54.91999816894531,4348600.0,52.79864501953125,NKE
2017-04-12,55.61999893188477,54.5,54.65999984741211,55.56999969482422,8504100.0,53.42353820800781,NKE
2017-04-13,55.599998474121094,55.2599983215332,55.40999984741211,55.34000015258789,5282100.0,53.202430725097656,NKE
2017-04-17,56.34000015258789,55.25,55.31999969482422,56.2400016784668,7688700.0,54.06765747070313,NKE
2017-04-18,56.41999816894531,55.79999923706055,56.02000045776367,56.11000061035156,5651100.0,53.94267272949219,NKE
2017-04-19,56.22000122070313,55.7400016784668,56.15999984741211,55.86000061035156,5947700.0,53.70233535766602,NKE
2017-04-20,56.68999862670898,55.88000106811523,55.959999084472656,56.4000015258789,6867100.0,54.22148513793945,NKE
2017-04-21,56.38000106811523,55.68000030517578,56.290000915527344,55.849998474121094,6055600.0,53.69271469116211,NKE
2017-04-24,56.209999084472656,55.47000122070313,56.13999938964844,55.47000122070313,10777700.0,53.32740020751953,NKE
2017-04-25,55.77000045776367,55.40999984741211,55.52999877929688,55.45000076293945,8971000.0,53.30816650390625,NKE
2017-04-26,55.84000015258789,55.11999893188477,55.459999084472656,55.15999984741211,10936000.0,53.02936935424805,NKE
2017-04-27,55.56999969482422,54.90999984741211,55.18000030517578,55.47000122070313,8558000.0,53.32740020751953,NKE
2017-04-28,55.52999877929688,55.13999938964844,55.43000030517578,55.40999984741211,6437700.0,53.26972579956055,NKE
2017-05-01,55.45000076293945,54.97999954223633,55.43000030517578,54.9900016784668,4881400.0,52.86593627929688,NKE
2017-05-02,55.15999984741211,54.790000915527344,55.11999893188477,55.06999969482422,7363600.0,52.94284439086914,NKE
2017-05-03,55.29999923706055,54.4000015258789,55.16999816894531,54.52999877929688,9474700.0,52.42369842529297,NKE
2017-05-04,54.83000183105469,54.20000076293945,54.68000030517578,54.47000122070313,6830600.0,52.36602020263672,NKE
2017-05-05,54.5,53.56000137329102,54.40999984741211,53.95000076293945,13379900.0,51.86610794067383,NKE
2017-05-08,54.5099983215332,53.83000183105469,54.18000030517578,54.29999923706055,8728100.0,52.20258331298828,NKE
2017-05-09,55.08000183105469,54.15999984741211,54.33000183105469,54.88999938964844,6441200.0,52.76980209350586,NKE
2017-05-10,55.06000137329102,54.5099983215332,54.90999984741211,54.56000137329102,5823000.0,52.45254898071289,NKE
2017-05-11,54.52000045776367,53.4000015258789,54.52000045776367,54.2400016784668,6499600.0,52.1449089050293,NKE
2017-05-12,54.38999938964844,53.790000915527344,54.099998474121094,54.20000076293945,5606300.0,52.1064567565918,NKE
2017-05-15,54.20000076293945,53.68000030517578,54.11999893188477,53.77000045776367,8201700.0,51.69305801391602,NKE
2017-05-16,53.38000106811523,52.11999893188477,52.36999893188477,52.77999877929688,14562700.0,50.74129867553711,NKE
2017-05-17,52.86999893188477,51.79999923706055,52.77999877929688,51.79999923706055,18341500.0,49.79914474487305,NKE
2017-05-18,52.08000183105469,51.29999923706055,51.97000122070313,51.68000030517578,22576500.0,49.68379592895508,NKE
2017-05-19,52.11000061035156,50.81000137329102,51.0,51.77000045776367,20047800.0,49.77031707763672,NKE
2017-05-22,51.959999084472656,51.4000015258789,51.77000045776367,51.56999969482422,13671500.0,49.57803726196289,NKE
2017-05-23,52.63000106811523,51.88000106811523,51.97999954223633,52.20000076293945,11087300.0,50.1837043762207,NKE
2017-05-24,52.29999923706055,51.7400016784668,52.25,52.0099983215332,9383600.0,50.00104522705078,NKE
2017-05-25,52.59000015258789,52.209999084472656,52.38000106811523,52.349998474121094,7627500.0,50.327903747558594,NKE
2017-05-26,52.7599983215332,52.22999954223633,52.349998474121094,52.59000015258789,5921300.0,50.55864715576172,NKE
2017-05-30,53.02000045776367,52.63999938964844,52.7599983215332,52.91999816894531,8039600.0,50.87588882446289,NKE
2017-05-31,53.27999877929688,52.709999084472656,53.02000045776367,52.9900016784668,8938800.0,50.94319534301758,NKE
2017-06-01,53.29999923706055,52.209999084472656,53.06000137329102,52.29999923706055,13352100.0,50.45121765136719,NKE
2017-06-02,53.0099983215332,52.36000061035156,52.70000076293945,52.97999954223633,18511200.0,51.107177734375,NKE
2017-06-05,53.22999954223633,52.70000076293945,53.0,53.0099983215332,5748900.0,51.13611602783203,NKE
2017-06-06,53.099998474121094,52.43000030517578,52.9000015258789,52.47999954223633,8923000.0,50.62485885620117,NKE
2017-06-07,53.36000061035156,52.75,52.790000915527344,53.22999954223633,7438300.0,51.34833526611328,NKE
2017-06-08,54.13999938964844,53.1500015258789,53.22999954223633,53.20000076293945,7785600.0,51.31940841674805,NKE
2017-06-09,53.47000122070313,52.79999923706055,53.20000076293945,53.459999084472656,8347400.0,51.57021713256836,NKE
2017-06-12,54.25,53.5,53.5099983215332,54.02999877929688,9180000.0,52.12005996704102,NKE
2017-06-13,54.65999984741211,53.84000015258789,54.02999877929688,54.31000137329102,8720100.0,52.39016723632813,NKE
2017-06-14,54.66999816894531,53.95000076293945,54.47999954223633,54.65999984741211,6783900.0,52.7277946472168,NKE
2017-06-15,54.04999923706055,52.72999954223633,54.0,52.9000015258789,16041100.0,51.03001403808594,NKE
2017-06-16,51.84000015258789,50.790000915527344,51.75,51.099998474121094,25725500.0,49.29363632202149,NKE
2017-06-19,52.22000122070313,51.4000015258789,51.41999816894531,52.02000045776367,11265300.0,50.18111801147461,NKE
2017-06-20,52.13000106811523,51.099998474121094,52.04999923706055,51.56000137329102,10676500.0,49.73737335205078,NKE
2017-06-21,52.68999862670898,51.9000015258789,51.9000015258789,52.59000015258789,13021700.0,50.7309684753418,NKE
2017-06-22,52.61999893188477,52.09000015258789,52.599998474121094,52.4000015258789,10660700.0,50.54768371582031,NKE
2017-06-23,52.91999816894531,51.66999816894531,52.1500015258789,52.849998474121094,8522400.0,50.98177719116211,NKE
2017-06-26,53.56999969482422,52.66999816894531,52.95000076293945,53.27999877929688,7966200.0,51.396568298339844,NKE
2017-06-27,53.2599983215332,52.63999938964844,53.18999862670898,52.95000076293945,7873100.0,51.0782470703125,NKE
2017-06-28,53.61000061035156,52.959999084472656,53.16999816894531,53.36000061035156,7527200.0,51.4737434387207,NKE
2017-06-29,53.63000106811523,52.9900016784668,53.33000183105469,53.16999816894531,14801900.0,51.29046630859375,NKE
2017-06-30,59.709999084472656,56.5,56.599998474121094,59.0,46553000.0,56.91437530517578,NKE
2017-07-03,59.0099983215332,58.33000183105469,58.36999893188477,58.6500015258789,9910000.0,56.576744079589844,NKE
2017-07-05,58.290000915527344,57.5099983215332,58.2400016784668,57.56000137329102,16167000.0,55.5252799987793,NKE
2017-07-06,57.72000122070313,57.0,57.45000076293945,57.15999984741211,9035700.0,55.1394157409668,NKE
2017-07-07,58.08000183105469,57.02999877929688,57.4000015258789,57.97999954223633,8145400.0,55.93043518066406,NKE
2017-07-10,58.81000137329102,57.68000030517578,57.88999938964844,58.72999954223633,8942400.0,56.65392303466797,NKE
2017-07-11,58.93000030517578,58.040000915527344,58.540000915527344,58.18000030517578,7223000.0,56.12335968017578,NKE
2017-07-12,58.75,58.099998474121094,58.31000137329102,58.22000122070313,7243100.0,56.16195297241211,NKE
2017-07-13,58.58000183105469,57.93000030517578,58.22000122070313,57.93999862670898,8108600.0,55.891845703125,NKE
2017-07-14,58.209999084472656,57.63999938964844,57.95000076293945,58.0,6345300.0,55.9497299194336,NKE
2017-07-17,58.349998474121094,57.7599983215332,58.0,57.790000915527344,6885000.0,55.74716186523438,NKE
2017-07-18,58.08000183105469,57.47000122070313,57.7400016784668,57.6500015258789,4922500.0,55.61210632324219,NKE
2017-07-19,57.88000106811523,57.38999938964844,57.599998474121094,57.77000045776367,4451100.0,55.72785949707031,NKE
2017-07-20,59.59000015258789,58.79999923706055,59.11999893188477,59.099998474121094,11915500.0,57.01084899902344,NKE
2017-07-21,60.0,58.90999984741211,59.0,59.95000076293945,11048300.0,57.83079528808594,NKE
2017-07-24,59.77000045776367,58.7599983215332,59.68999862670898,58.95000076293945,7498900.0,56.86614990234375,NKE
2017-07-25,59.52000045776367,58.91999816894531,59.31999969482422,59.38999938964844,5157100.0,57.29059219360352,NKE
2017-07-26,59.13000106811523,58.31999969482422,59.09000015258789,58.36000061035156,5529500.0,56.2969970703125,NKE
2017-07-27,58.68000030517578,57.9900016784668,58.599998474121094,58.1500015258789,8259900.0,56.09442901611328,NKE
2017-07-28,58.7400016784668,57.97000122070313,58.1500015258789,58.66999816894531,5112800.0,56.59603881835938,NKE
2017-07-31,59.11999893188477,58.33000183105469,58.709999084472656,59.04999923706055,6225900.0,56.96261215209961,NKE
2017-08-01,59.93999862670898,58.9000015258789,59.0,59.84000015258789,9051700.0,57.72468185424805,NKE
2017-08-02,59.95000076293945,59.27000045776367,59.54999923706055,59.790000915527344,4468100.0,57.67645263671875,NKE
2017-08-03,60.52999877929688,59.63999938964844,59.79999923706055,60.13999938964844,5677200.0,58.01408004760742,NKE
2017-08-04,60.34000015258789,59.63000106811523,60.16999816894531,59.7599983215332,4106000.0,57.64750671386719,NKE
2017-08-07,60.099998474121094,59.709999084472656,59.81999969482422,59.790000915527344,4066700.0,57.67645263671875,NKE
2017-08-08,60.11999893188477,59.36000061035156,59.88000106811523,59.459999084472656,5586400.0,57.35811996459961,NKE
2017-08-09,59.97000122070313,59.2599983215332,59.41999816894531,59.9000015258789,5310900.0,57.78256607055664,NKE
2017-08-10,59.68999862670898,59.06000137329102,59.68000030517578,59.06999969482422,5585100.0,56.98189926147461,NKE
2017-08-11,59.27000045776367,58.59000015258789,58.72999954223633,58.97000122070313,4980000.0,56.88544464111328,NKE
2017-08-14,60.0,59.13000106811523,59.1500015258789,59.77999877929688,5900000.0,57.66680908203125,NKE
2017-08-15,59.0099983215332,58.290000915527344,58.93999862670898,58.56000137329102,8913000.0,56.48992919921875,NKE
2017-08-16,59.04999923706055,58.22000122070313,58.9000015258789,58.540000915527344,5489600.0,56.47064208984375,NKE
2017-08-17,58.7400016784668,57.41999816894531,58.52999877929688,57.459999084472656,9148600.0,55.4288215637207,NKE
2017-08-18,55.41999816894531,54.16999816894531,54.849998474121094,54.95000076293945,22905200.0,53.007545471191406,NKE
2017-08-21,54.43999862670898,53.11000061035156,54.43999862670898,53.61000061035156,14289300.0,51.71491241455078,NKE
2017-08-22,54.40999984741211,53.790000915527344,53.91999816894531,54.13000106811523,8212800.0,52.21653366088867,NKE
2017-08-23,54.08000183105469,53.45000076293945,53.91999816894531,53.61000061035156,6409400.0,51.71491241455078,NKE
2017-08-24,53.97000122070313,53.459999084472656,53.93000030517578,53.84000015258789,5461900.0,51.93677520751953,NKE
2017-08-25,54.20000076293945,53.540000915527344,54.02999877929688,53.9000015258789,6416600.0,51.994667053222656,NKE
2017-08-28,54.43000030517578,53.61999893188477,54.06999969482422,53.72999954223633,5269400.0,51.83066940307617,NKE
2017-08-29,52.88000106811523,52.06999969482422,52.7400016784668,52.72999954223633,12539900.0,50.86601638793945,NKE
2017-08-30,52.959999084472656,52.25,52.79999923706055,52.56000137329102,7434500.0,50.70203018188477,NKE
2017-08-31,52.97999954223633,52.47000122070313,52.599998474121094,52.81000137329102,7728900.0,51.11825180053711,NKE
2017-09-01,53.45000076293945,52.9000015258789,53.0,53.36000061035156,5509800.0,51.650634765625,NKE
2017-09-05,53.47000122070313,52.88000106811523,53.25,53.0099983215332,6306500.0,51.31184768676758,NKE
2017-09-06,53.34000015258789,52.709999084472656,53.11999893188477,52.7599983215332,7407600.0,51.06985092163086,NKE
2017-09-07,52.849998474121094,52.34000015258789,52.7599983215332,52.38999938964844,6905800.0,50.71170043945313,NKE
2017-09-08,52.5099983215332,52.11000061035156,52.25,52.20000076293945,8563300.0,50.52779769897461,NKE
2017-09-11,53.13000106811523,52.31999969482422,52.38000106811523,53.02999877929688,8649900.0,51.33120727539063,NKE
2017-09-12,54.09000015258789,53.29999923706055,53.77000045776367,53.4000015258789,7823700.0,51.689353942871094,NKE
2017-09-13,53.63999938964844,53.040000915527344,53.45000076293945,53.52000045776367,6086000.0,51.80550765991211,NKE
2017-09-14,53.88999938964844,53.11999893188477,53.540000915527344,53.72999954223633,7497400.0,52.00878524780274,NKE
2017-09-15,54.06000137329102,53.52000045776367,53.86000061035156,53.86999893188477,10046800.0,52.1442985534668,NKE
2017-09-18,54.15999984741211,53.4000015258789,53.86999893188477,53.5,8166400.0,51.7861557006836,NKE
2017-09-19,54.04999923706055,52.5099983215332,52.77999877929688,53.33000183105469,14707200.0,51.62160110473633,NKE
2017-09-20,53.63999938964844,53.040000915527344,53.4900016784668,53.56000137329102,7058000.0,51.8442268371582,NKE
2017-09-21,53.63999938964844,53.09000015258789,53.54999923706055,53.18999862670898,8065400.0,51.486083984375,NKE
2017-09-22,53.61000061035156,52.79999923706055,53.02000045776367,53.2400016784668,10962400.0,51.53448486328125,NKE
2017-09-25,53.56000137329102,53.0,53.08000183105469,53.22999954223633,12262400.0,51.5247917175293,NKE
2017-09-26,53.97000122070313,52.97999954223633,53.18000030517578,53.70000076293945,16183700.0,51.9797477722168,NKE
2017-09-27,52.68999862670898,51.02999877929688,52.16999816894531,52.66999816894531,36202500.0,50.98273468017578,NKE
2017-09-28,53.02999877929688,52.33000183105469,52.79999923706055,52.63000106811523,11334700.0,50.94401550292969,NKE
2017-09-29,52.81999969482422,51.7599983215332,52.59000015258789,51.849998474121094,12189900.0,50.18900680541992,NKE
2017-10-02,52.209999084472656,51.65999984741211,52.15999984741211,51.86999893188477,7516200.0,50.20836639404297,NKE
2017-10-03,52.04999923706055,51.4000015258789,52.0,51.47000122070313,8126700.0,49.82118225097656,NKE
2017-10-04,52.13000106811523,51.4000015258789,51.5099983215332,52.08000183105469,8204300.0,50.41164016723633,NKE
2017-10-05,52.31999969482422,51.77999877929688,52.0099983215332,52.18000030517578,5287400.0,50.5084342956543,NKE
2017-10-06,52.459999084472656,52.11999893188477,52.20000076293945,52.41999816894531,5360300.0,50.74074935913086,NKE
2017-10-09,52.29999923706055,51.5,52.22999954223633,51.52000045776367,6875100.0,49.86957550048828,NKE
2017-10-10,51.81999969482422,51.36999893188477,51.58000183105469,51.52999877929688,8372700.0,49.87925338745117,NKE
2017-10-11,51.52000045776367,50.83000183105469,51.38999938964844,51.02999877929688,9109600.0,49.3952751159668,NKE
2017-10-12,51.11999893188477,50.349998474121094,50.97999954223633,50.83000183105469,10658400.0,49.20167922973633,NKE
2017-10-13,51.06999969482422,50.4000015258789,50.83000183105469,50.97999954223633,16227900.0,49.34687042236328,NKE
2017-10-16,51.40999984741211,50.63999938964844,50.79999923706055,51.36999893188477,9299300.0,49.7243766784668,NKE
2017-10-17,52.040000915527344,51.38000106811523,51.5,52.0,9492700.0,50.33420181274414,NKE
2017-10-18,52.4000015258789,52.099998474121094,52.18000030517578,52.29999923706055,10890300.0,50.62458801269531,NKE
2017-10-19,52.79999923706055,51.47999954223633,51.65999984741211,52.68999862670898,12568200.0,51.0020980834961,NKE
2017-10-20,53.5,52.790000915527344,52.790000915527344,53.06000137329102,13020900.0,51.3602409362793,NKE
2017-10-23,53.95000076293945,53.0,53.06000137329102,53.65999984741211,12242600.0,51.9410285949707,NKE
2017-10-24,54.0,53.099998474121094,53.9000015258789,53.41999816894531,14767600.0,51.70871353149414,NKE
2017-10-25,55.90999984741211,52.66999816894531,53.43000030517578,54.93999862670898,24804000.0,53.18001937866211,NKE
2017-10-26,57.25,55.13999938964844,55.2599983215332,56.81000137329102,22185100.0,54.99011611938477,NKE
2017-10-27,56.36000061035156,55.6500015258789,55.81999969482422,55.959999084472656,12801800.0,54.16734313964844,NKE
2017-10-30,55.93000030517578,54.84000015258789,55.709999084472656,55.27000045776367,10169400.0,53.49944686889648,NKE
2017-10-31,55.27999877929688,54.52000045776367,54.75,54.9900016784668,9794800.0,53.228416442871094,NKE
2017-11-01,55.5,54.849998474121094,55.41999816894531,55.06999969482422,7544500.0,53.30585479736328,NKE
2017-11-02,55.31999969482422,54.59000015258789,55.1500015258789,55.11999893188477,7250300.0,53.35424423217773,NKE
2017-11-03,55.72000122070313,55.040000915527344,55.1500015258789,55.709999084472656,9448200.0,53.92535018920898,NKE
2017-11-06,56.13000106811523,55.13999938964844,55.290000915527344,56.040000915527344,9332200.0,54.24478149414063,NKE
2017-11-07,56.02000045776367,55.02000045776367,55.75,55.1500015258789,7774700.0,53.38329315185547,NKE
2017-11-08,55.77000045776367,54.88999938964844,55.0,55.7599983215332,7079400.0,53.97374725341797,NKE
2017-11-09,56.349998474121094,55.31000137329102,55.5,56.13000106811523,10958500.0,54.3318977355957,NKE
2017-11-10,56.4900016784668,55.61999893188477,55.88000106811523,56.09000015258789,7535700.0,54.29318237304688,NKE
2017-11-13,56.09000015258789,55.65999984741211,55.65999984741211,55.90999984741211,10106100.0,54.11894989013672,NKE
2017-11-14,56.18000030517578,55.52999877929688,55.709999084472656,55.97999954223633,5037500.0,54.18670272827149,NKE
2017-11-15,56.86999893188477,55.08000183105469,55.959999084472656,56.63000106811523,6610500.0,54.81588363647461,NKE
2017-11-16,57.27999877929688,56.40999984741211,56.61999893188477,57.22999954223633,8233300.0,55.39666366577149,NKE
2017-11-17,59.52999877929688,58.36999893188477,58.540000915527344,59.18999862670898,15475500.0,57.29386901855469,NKE
2017-11-20,59.5,57.97999954223633,58.63000106811523,59.25,8480600.0,57.35194778442383,NKE
2017-11-21,59.4000015258789,58.93000030517578,59.02999877929688,59.38999938964844,9057800.0,57.487464904785156,NKE
2017-11-22,59.34000015258789,58.93999862670898,59.18000030517578,59.06999969482422,8501300.0,57.177711486816406,NKE
2017-11-24,59.349998474121094,58.90999984741211,59.0,59.31999969482422,3400400.0,57.419700622558594,NKE
2017-11-27,59.70000076293945,59.16999816894531,59.20000076293945,59.63000106811523,7891600.0,57.71978378295898,NKE
2017-11-28,59.599998474121094,58.540000915527344,58.7599983215332,59.58000183105469,8665300.0,57.6713752746582,NKE
2017-11-29,60.63000106811523,59.72999954223633,59.72999954223633,60.36000061035156,12022800.0,58.42639541625977,NKE
2017-11-30,61.209999084472656,60.20000076293945,60.2599983215332,60.41999816894531,12551200.0,58.48446273803711,NKE
2017-12-01,60.43000030517578,59.2400016784668,60.41999816894531,59.88000106811523,10113500.0,58.15427017211914,NKE
2017-12-04,60.70000076293945,59.97000122070313,60.27000045776367,60.099998474121094,7513200.0,58.36791610717773,NKE
2017-12-05,60.79999923706055,59.6500015258789,60.6500015258789,60.41999816894531,8862900.0,58.67869567871094,NKE
2017-12-06,60.849998474121094,59.70000076293945,60.40999984741211,59.72000122070313,7862200.0,57.99888229370117,NKE
2017-12-07,61.06000137329102,59.6500015258789,59.86000061035156,60.599998474121094,6113300.0,58.853515625,NKE
2017-12-08,61.36999893188477,60.290000915527344,60.5,61.29999923706055,6065200.0,59.53334045410156,NKE
2017-12-11,62.22000122070313,61.29999923706055,61.36999893188477,61.90999984741211,9017800.0,60.12575912475586,NKE
2017-12-12,62.52999877929688,61.6500015258789,61.81000137329102,62.16999816894531,7358000.0,60.37826919555664,NKE
2017-12-13,64.45999908447266,62.02000045776367,62.22000122070313,64.30000305175781,16072600.0,62.44689178466797,NKE
2017-12-14,64.84999847412111,64.05000305175781,64.43000030517578,64.52999877929689,13055100.0,62.67025375366211,NKE
2017-12-15,65.06999969482422,64.15000152587889,64.88999938964844,64.79000091552734,15659300.0,62.92276382446289,NKE
2017-12-18,65.08000183105469,64.38999938964844,64.93000030517578,64.80999755859375,12652000.0,62.94217300415039,NKE
2017-12-19,65.19000244140625,64.18000030517578,65.15000152587889,64.23999786376953,8212500.0,62.38861465454102,NKE
2017-12-20,64.5,63.58000183105469,64.38999938964844,63.59000015258789,12468600.0,61.75733947753906,NKE
2017-12-21,64.98000335693361,63.29999923706055,64.29000091552734,64.76999664306639,14352300.0,62.9033432006836,NKE
2017-12-22,63.540000915527344,60.13000106811523,61.20000076293945,63.290000915527344,20414200.0,61.46598815917969,NKE
2017-12-26,63.88999938964844,62.81000137329102,62.9000015258789,63.6500015258789,4563500.0,61.81561660766602,NKE
2017-12-27,63.599998474121094,62.77000045776367,63.56000137329102,62.95000076293945,8959700.0,61.13578796386719,NKE
2017-12-28,63.31999969482422,62.849998474121094,63.0,62.95000076293945,3987200.0,61.13578796386719,NKE
2017-12-29,63.36999893188477,62.54999923706055,63.209999084472656,62.54999923706055,5222100.0,60.74731826782226,NKE
2018-01-02,63.4900016784668,62.849998474121094,62.849998474121094,63.4900016784668,6511000.0,61.66022872924805,NKE
2018-01-03,63.65999984741211,62.7599983215332,63.47999954223633,63.47999954223633,6091100.0,61.65050888061523,NKE
2018-01-04,63.54999923706055,62.54999923706055,63.4000015258789,63.43999862670898,5780500.0,61.611671447753906,NKE
2018-01-05,64.30000305175781,63.47000122070313,63.70000076293945,63.97999954223633,11632300.0,62.13611221313477,NKE
2018-01-08,64.70999908447266,63.97999954223633,64.15000152587889,64.55000305175781,11905700.0,62.68968200683594,NKE
2018-01-09,64.72000122070311,63.47000122070313,64.23000335693361,64.08999633789061,8771300.0,62.24292755126953,NKE
2018-01-10,64.23000335693361,63.43999862670898,63.88000106811523,64.22000122070311,5010600.0,62.36919784545898,NKE
2018-01-11,64.30999755859375,63.77999877929688,64.02999877929689,64.29000091552734,5103500.0,62.43716812133789,NKE
2018-01-12,64.72000122070311,64.31999969482422,64.5,64.66999816894531,5135700.0,62.80622100830078,NKE
2018-01-16,65.36000061035156,63.36999893188477,64.77999877929689,63.41999816894531,9117000.0,61.59224319458008,NKE
2018-01-17,64.01000213623047,63.08000183105469,63.66999816894531,63.81000137329102,7422600.0,61.97100448608398,NKE
2018-01-18,64.20999908447266,63.540000915527344,64.0,64.11000061035156,5656900.0,62.26235961914063,NKE
2018-01-19,67.23999786376953,65.12000274658203,65.30999755859375,67.20999908447266,12896100.0,65.27301788330078,NKE
2018-01-22,66.83000183105469,65.76000213623047,66.55000305175781,66.38999938964844,8491800.0,64.47665405273439,NKE
2018-01-23,67.33000183105469,66.44000244140625,66.52999877929689,67.13999938964844,6412000.0,65.20503234863281,NKE
2018-01-24,68.18000030517578,67.06999969482422,67.33999633789061,68.0,7421800.0,66.04025268554689,NKE
2018-01-25,68.63999938964844,67.44999694824219,68.12999725341797,67.70999908447266,5707600.0,65.75862121582031,NKE
2018-01-26,68.63999938964844,67.91999816894531,68.19999694824219,68.04000091552734,6290500.0,66.07910919189453,NKE
2018-01-29,68.13999938964844,67.41999816894531,67.81999969482422,67.58000183105469,5067300.0,65.63235473632811,NKE
2018-01-30,68.30999755859375,67.16000366210939,67.5,67.33000183105469,6350500.0,65.38955688476561,NKE
2018-01-31,68.83000183105469,67.47000122070311,67.5,68.22000122070311,11036400.0,66.25390625,NKE
2018-02-01,67.97000122070311,66.69999694824219,67.66999816894531,67.65000152587889,5790500.0,65.70034027099611,NKE
2018-02-02,67.79000091552734,67.0,67.22000122070311,67.22000122070311,9348300.0,65.28273010253906,NKE
2018-02-05,67.20999908447266,64.38999938964844,66.62999725341797,64.38999938964844,12549500.0,62.5342903137207,NKE
2018-02-06,65.41999816894531,62.09000015258789,62.47999954223633,65.22000122070311,13356700.0,63.340370178222656,NKE
2018-02-07,66.83999633789061,65.09999847412111,65.15000152587889,65.62999725341797,8845700.0,63.73855972290039,NKE
2018-02-08,65.70999908447266,62.459999084472656,65.52999877929689,62.4900016784668,14121800.0,60.68905258178711,NKE
2018-02-09,66.05000305175781,62.84000015258789,63.7599983215332,65.48999786376953,13733300.0,63.60258865356445,NKE
2018-02-12,66.81999969482422,65.68000030517578,65.94000244140625,65.98000335693361,9792200.0,64.07846832275389,NKE
2018-02-13,66.23000335693361,65.43000030517578,65.84999847412111,65.87000274658203,9538400.0,63.97162628173828,NKE
2018-02-14,68.02999877929689,65.55000305175781,65.72000122070311,67.95999908447266,8662600.0,66.00139617919922,NKE
2018-02-15,68.76000213623047,67.25,68.38999938964844,68.29000091552734,7390200.0,66.32189178466797,NKE
2018-02-16,69.0,67.73999786376953,67.90000152587889,68.30000305175781,6842100.0,66.33161163330078,NKE
2018-02-20,67.97000122070311,67.05000305175781,67.63999938964844,67.48999786376953,4859100.0,65.54493713378906,NKE
2018-02-21,68.01999664306639,67.02999877929689,67.66000366210939,67.05000305175781,5107900.0,65.11763000488281,NKE
2018-02-22,67.48000335693361,66.73999786376953,67.25,67.12999725341797,6515800.0,65.19532012939453,NKE
2018-02-23,68.16000366210939,66.84999847412111,67.38999938964844,68.16000366210939,4428500.0,66.19564819335939,NKE
2018-02-26,69.80999755859375,68.33999633789061,68.38999938964844,69.65000152587889,6499500.0,67.6427001953125,NKE
2018-02-27,70.25,68.02999877929689,70.0,68.02999877929689,6843100.0,66.06938934326172,NKE
2018-02-28,68.30000305175781,67.01000213623047,68.09999847412111,67.02999877929689,6091800.0,65.09820556640625,NKE
2018-03-01,67.66999816894531,65.66999816894531,67.23999786376953,66.31999969482422,7323900.0,64.40866851806639,NKE
2018-03-02,66.08999633789061,64.20999908447266,64.91000366210939,65.88999938964844,8380500.0,64.18460845947266,NKE
2018-03-05,65.48999786376953,64.33999633789061,65.48000335693361,65.05000305175781,8838400.0,63.36636734008789,NKE
2018-03-06,65.36000061035156,64.62999725341797,65.20999908447266,65.23999786376953,6550100.0,63.55145645141602,NKE
2018-03-07,64.79000091552734,63.88999938964844,64.51000213623047,64.16999816894531,6457600.0,62.509132385253906,NKE
2018-03-08,65.25,64.48000335693361,64.55999755859375,65.11000061035156,5573000.0,63.4248161315918,NKE
2018-03-09,66.51000213623047,65.36000061035156,65.51000213623047,66.30000305175781,5838400.0,64.58401489257811,NKE
2018-03-12,67.61000061035156,66.31999969482422,66.65000152587889,66.81999969482422,7522700.0,65.09055328369139,NKE
2018-03-13,67.69000244140625,66.12999725341797,67.30000305175781,66.16999816894531,5167300.0,64.45736694335939,NKE
2018-03-14,66.90000152587889,65.66999816894531,66.65000152587889,66.19999694824219,6463800.0,64.48657989501953,NKE
2018-03-15,66.61000061035156,66.12999725341797,66.48999786376953,66.38999938964844,5260800.0,64.67168426513672,NKE
2018-03-16,66.69000244140625,65.91000366210939,66.30999755859375,65.91000366210939,12860900.0,64.2041015625,NKE
2018-03-19,66.33999633789061,65.19000244140625,65.69999694824219,65.70999908447266,7255600.0,64.00926971435547,NKE
2018-03-20,66.87000274658203,65.93000030517578,65.94000244140625,66.80000305175781,6906200.0,65.07106781005861,NKE
2018-03-21,67.20999908447266,66.30999755859375,66.73000335693361,66.34999847412111,5805200.0,64.63272094726561,NKE
2018-03-22,66.15000152587889,64.23000335693361,65.59999847412111,64.41999816894531,12313300.0,62.75267028808594,NKE
2018-03-23,67.11000061035156,64.45999908447266,66.69999694824219,64.62999725341797,17343800.0,62.95722579956055,NKE
2018-03-26,66.05999755859375,64.98999786376953,65.08000183105469,65.90000152587889,10796000.0,64.19437408447266,NKE
2018-03-27,67.63999938964844,65.43000030517578,65.88999938964844,66.16999816894531,9452500.0,64.45736694335939,NKE
2018-03-28,67.15000152587889,65.26999664306639,66.58999633789061,65.44000244140625,7208400.0,63.74628067016602,NKE
2018-03-29,66.55000305175781,65.61000061035156,65.69999694824219,66.44000244140625,10748300.0,64.72039031982422,NKE
2018-04-02,66.05000305175781,63.209999084472656,65.97000122070311,64.12000274658203,12383900.0,62.4604377746582,NKE
2018-04-03,66.73000335693361,64.36000061035156,64.47000122070311,66.69999694824219,8766400.0,64.97365570068361,NKE
2018-04-04,68.5,65.93000030517578,65.97000122070311,68.41999816894531,10275800.0,66.64913940429689,NKE
2018-04-05,69.77999877929689,68.38999938964844,68.5,69.58999633789061,9093300.0,67.78884887695311,NKE
2018-04-06,69.30999755859375,66.93000030517578,68.51000213623047,67.55000305175781,9719300.0,65.80165100097656,NKE
2018-04-09,68.55000305175781,67.15000152587889,68.38999938964844,67.18000030517578,6504500.0,65.44122314453125,NKE
2018-04-10,67.87999725341797,66.48999786376953,67.80999755859375,67.0,10098900.0,65.26590728759766,NKE
2018-04-11,67.19999694824219,66.51999664306639,66.58000183105469,66.83000183105469,5185500.0,65.10028839111328,NKE
2018-04-12,68.0,67.06999969482422,67.06999969482422,67.76999664306639,5145300.0,66.01595306396484,NKE
2018-04-13,68.33000183105469,66.98000335693361,68.12000274658203,67.25,4300200.0,65.50942993164061,NKE
2018-04-16,67.98000335693361,67.05999755859375,67.80999755859375,67.05999755859375,6484400.0,65.3243408203125,NKE
2018-04-17,67.66999816894531,67.27999877929689,67.37000274658203,67.51000213623047,5605700.0,65.76268768310547,NKE
2018-04-18,67.73999786376953,66.16000366210939,67.52999877929689,66.19999694824219,7384000.0,64.48657989501953,NKE
2018-04-19,66.30000305175781,64.98999786376953,66.02999877929689,65.73000335693361,8274300.0,64.02877807617189,NKE
2018-04-20,66.11000061035156,65.44999694824219,65.75,66.08999633789061,10402800.0,64.37944030761719,NKE
2018-04-23,67.02999877929689,65.94999694824219,66.0,66.87999725341797,6338400.0,65.14899444580078,NKE
2018-04-24,67.51000213623047,66.72000122070311,67.30999755859375,66.97000122070311,8176100.0,65.23667907714844,NKE
2018-04-25,67.0,66.25,66.83999633789061,66.66999816894531,5188900.0,64.94443511962889,NKE
2018-04-26,68.29000091552734,66.63999938964844,66.77999877929689,68.05000305175781,5355200.0,66.28871917724611,NKE
2018-04-27,70.0,68.44999694824219,68.47000122070311,69.55999755859375,7814900.0,67.75962829589844,NKE
2018-04-30,69.80999755859375,68.38999938964844,69.58000183105469,68.38999938964844,6484100.0,66.61992645263672,NKE
2018-05-01,68.20999908447266,67.02999877929689,67.98000335693361,68.09999847412111,4957800.0,66.33743286132811,NKE
2018-05-02,68.55999755859375,67.48000335693361,68.04000091552734,68.26000213623047,5752100.0,66.49327087402344,NKE
2018-05-03,67.84999847412111,66.63999938964844,67.80000305175781,66.90000152587889,6155900.0,65.16847991943361,NKE
2018-05-04,68.33000183105469,66.80000305175781,66.83999633789061,68.09999847412111,5132900.0,66.33743286132811,NKE
2018-05-07,69.41999816894531,68.05999755859375,68.05999755859375,69.33999633789061,5041600.0,67.54533386230469,NKE
2018-05-08,69.23000335693361,68.19999694824219,69.19999694824219,68.45999908447266,6534900.0,66.68810272216797,NKE
2018-05-09,68.47000122070311,67.01000213623047,68.41999816894531,67.94999694824219,7956300.0,66.19129180908203,NKE
2018-05-10,68.26999664306639,67.33000183105469,68.13999938964844,67.91999816894531,4965200.0,66.16208648681639,NKE
2018-05-11,68.52999877929689,67.91000366210939,68.02999877929689,68.43000030517578,4145100.0,66.65888214111328,NKE
2018-05-14,68.88999938964844,68.11000061035156,68.59999847412111,68.83999633789061,3453800.0,67.05825805664061,NKE
2018-05-15,69.51999664306639,68.23000335693361,68.30999755859375,69.5,5045000.0,67.70117950439453,NKE
2018-05-16,71.51000213623047,69.62000274658203,69.66999816894531,71.33999633789062,9693000.0,69.49355316162111,NKE
2018-05-17,71.5999984741211,70.81999969482422,71.4000015258789,70.94000244140625,6064700.0,69.10391998291016,NKE
2018-05-18,71.58999633789062,70.47000122070312,70.76000213623047,71.31999969482422,5688100.0,69.47407531738281,NKE
2018-05-21,71.69999694824219,70.70999908447266,71.4800033569336,71.37999725341797,5480700.0,69.53251647949219,NKE
2018-05-22,72.19000244140625,71.26000213623047,71.45999908447266,71.30999755859375,5675300.0,69.46434783935547,NKE
2018-05-23,71.91999816894531,70.83000183105469,70.94999694824219,71.33999633789062,6806400.0,69.49355316162111,NKE
2018-05-24,72.27999877929688,71.31999969482422,71.43000030517578,72.18000030517578,5613800.0,70.31182861328125,NKE
2018-05-25,73.48999786376953,71.62999725341797,73.0999984741211,72.25,5889700.0,70.38001251220703,NKE
2018-05-29,71.61000061035156,70.43000030517578,71.5199966430664,70.91999816894531,5857900.0,69.08443450927734,NKE
2018-05-30,72.29000091552734,70.94000244140625,71.45999908447266,72.2300033569336,5799900.0,70.36052703857422,NKE
2018-05-31,72.22000122070312,71.23999786376953,72.0,71.80000305175781,7856200.0,69.94165802001953,NKE
2018-06-01,72.94999694824219,72.12000274658203,72.12000274658203,72.76000213623047,4085900.0,71.07479858398438,NKE
2018-06-04,73.87000274658203,72.79000091552734,73.0,73.83000183105469,4581900.0,72.12000274658203,NKE
2018-06-05,74.22000122070312,73.13999938964844,73.61000061035156,74.05000305175781,4928700.0,72.33491516113281,NKE
2018-06-06,74.94000244140625,74.19000244140625,74.37999725341797,74.75,5318100.0,73.0186996459961,NKE
2018-06-07,75.91000366210938,74.6500015258789,74.94999694824219,74.76000213623047,6846300.0,73.02847290039062,NKE
2018-06-08,75.06999969482422,74.30000305175781,74.77999877929688,74.9000015258789,5524900.0,73.16522216796875,NKE
2018-06-11,75.20999908447266,74.54000091552734,75.05999755859375,74.58999633789062,4902800.0,72.86241912841797,NKE
2018-06-12,74.61000061035156,74.06999969482422,74.41999816894531,74.29000091552734,4356500.0,72.56934356689453,NKE
2018-06-13,74.9000015258789,73.98999786376953,74.2699966430664,74.11000061035156,4696200.0,72.39352416992188,NKE
2018-06-14,75.1500015258789,74.3499984741211,74.5999984741211,74.69999694824219,4636000.0,72.9698486328125,NKE
2018-06-15,75.8499984741211,74.5,74.70999908447266,75.83999633789062,10977300.0,74.08345031738281,NKE
2018-06-18,75.76000213623047,74.91000366210938,75.27999877929688,75.61000061035156,4515900.0,73.8587875366211,NKE
2018-06-19,74.91999816894531,73.6500015258789,74.5,74.26000213623047,7562200.0,72.54005432128906,NKE
2018-06-20,74.91000366210938,73.97000122070312,74.19999694824219,74.72000122070312,4424900.0,72.98938751220703,NKE
2018-06-21,74.79000091552734,73.55000305175781,73.69999694824219,73.94000244140625,5537900.0,72.22746276855469,NKE
2018-06-22,74.41000366210938,73.20999908447266,73.56999969482422,73.43000030517578,9404900.0,71.7292709350586,NKE
2018-06-25,73.36000061035156,72.02999877929688,73.31999969482422,72.3499984741211,9064100.0,70.67428588867188,NKE
2018-06-26,73.29000091552734,72.3499984741211,72.5,72.55999755859375,7072600.0,70.8794174194336,NKE
2018-06-27,72.94999694824219,71.1500015258789,72.7300033569336,71.3499984741211,7624700.0,69.69744873046875,NKE
2018-06-28,72.12000274658203,71.3499984741211,71.44999694824219,71.69999694824219,9118500.0,70.03932952880861,NKE
2018-06-29,81.0,78.36000061035156,78.76000213623047,79.68000030517578,31314100.0,77.83451080322266,NKE
2018-07-02,79.4800033569336,77.0199966430664,78.58000183105469,78.3499984741211,11867000.0,76.53531646728516,NKE
2018-07-03,77.88999938964844,76.0999984741211,77.41000366210938,76.27999877929688,5794900.0,74.51324462890625,NKE
2018-07-05,77.41999816894531,76.13999938964844,76.62000274658203,76.55000305175781,6534500.0,74.77700805664062,NKE
2018-07-06,77.08000183105469,76.06999969482422,76.4800033569336,76.4800033569336,5916200.0,74.70863342285156,NKE
2018-07-09,77.37999725341797,76.3499984741211,76.83999633789062,77.27999877929688,4871400.0,75.4900894165039,NKE
2018-07-10,78.08999633789062,77.16000366210938,77.44000244140625,77.56999969482422,6281800.0,75.77338409423828,NKE
2018-07-11,77.63999938964844,76.83000183105469,77.12999725341797,77.36000061035156,3656600.0,75.5682373046875,NKE
2018-07-12,78.18000030517578,77.2300033569336,77.94000244140625,77.37000274658203,4879200.0,75.5780258178711,NKE
2018-07-13,77.61000061035156,77.13999938964844,77.19999694824219,77.37999725341797,2963100.0,75.58777618408203,NKE
2018-07-16,78.0999984741211,77.30000305175781,77.36000061035156,77.75,4755100.0,75.94921112060547,NKE
2018-07-17,78.0199966430664,77.4000015258789,77.51000213623047,77.47000122070312,4355400.0,75.67569732666016,NKE
2018-07-18,77.62000274658203,76.31999969482422,77.43000030517578,76.58999633789062,6101600.0,74.81607818603516,NKE
2018-07-19,77.16000366210938,75.80000305175781,75.93000030517578,76.94999694824219,4875100.0,75.16773223876953,NKE
2018-07-20,77.08000183105469,76.16000366210938,76.30999755859375,76.95999908447266,5246400.0,75.17752075195312,NKE
2018-07-23,76.94999694824219,76.12999725341797,76.70999908447266,76.58999633789062,4198200.0,74.81607818603516,NKE
2018-07-24,77.08999633789062,75.44000244140625,76.8499984741211,75.52999877929688,6054000.0,73.78063201904297,NKE
2018-07-25,77.18000030517578,75.05999755859375,75.23999786376953,77.16000366210938,5542400.0,75.37289428710938,NKE
2018-07-26,78.44000244140625,76.81999969482422,77.0,78.1500015258789,6706200.0,76.33995056152344,NKE
2018-07-27,78.41000366210938,76.79000091552734,78.16999816894531,76.88999938964844,6125700.0,75.109130859375,NKE
2018-07-30,76.95999908447266,75.43000030517578,76.87999725341797,75.95999908447266,7275300.0,74.20067596435547,NKE
2018-07-31,77.58999633789062,76.16000366210938,76.44000244140625,76.91000366210938,8265600.0,75.12867736816406,NKE
2018-08-01,78.05999755859375,76.5,76.5,77.54000091552734,6878300.0,75.74407196044922,NKE
2018-08-02,79.06999969482422,77.4000015258789,77.7699966430664,78.6500015258789,5313800.0,76.82837677001953,NKE
2018-08-03,78.9800033569336,78.44000244140625,78.7300033569336,78.73999786376953,3762100.0,76.9162826538086,NKE
2018-08-06,79.58000183105469,78.43000030517578,78.73999786376953,79.51000213623047,4280600.0,77.66844940185547,NKE
2018-08-07,80.62999725341797,79.2699966430664,79.7300033569336,80.52999877929688,5418900.0,78.66482543945312,NKE
2018-08-08,81.08000183105469,80.04000091552734,80.20999908447266,80.5,5327100.0,78.63552856445312,NKE
2018-08-09,81.87999725341797,80.41000366210938,80.48999786376953,81.26000213623047,4558500.0,79.3779067993164,NKE
2018-08-10,81.29000091552734,80.29000091552734,80.81999969482422,80.7300033569336,5036700.0,78.86018371582031,NKE
2018-08-13,81.1500015258789,80.01000213623047,80.81999969482422,80.1500015258789,4101200.0,78.29363250732422,NKE
2018-08-14,80.8499984741211,79.68000030517578,80.33000183105469,80.13999938964844,6079700.0,78.28386688232422,NKE
2018-08-15,79.86000061035156,79.12000274658203,79.56999969482422,79.56999969482422,5057200.0,77.72706604003906,NKE
2018-08-16,80.61000061035156,79.80000305175781,79.9000015258789,80.05000305175781,5475800.0,78.19593811035156,NKE
2018-08-17,80.44000244140625,79.68000030517578,80.04000091552734,79.75,9001400.0,77.90289306640625,NKE
2018-08-20,82.41999816894531,80.94999694824219,81.5199966430664,82.18000030517578,9345200.0,80.276611328125,NKE
2018-08-21,83.08000183105469,82.0199966430664,82.30999755859375,82.94999694824219,6337000.0,81.02877807617188,NKE
2018-08-22,83.68000030517578,82.27999877929688,83.0999984741211,82.63999938964844,4308300.0,80.7259521484375,NKE
2018-08-23,83.56999969482422,82.33999633789062,82.43000030517578,82.91000366210938,4156900.0,80.98970794677734,NKE
2018-08-24,82.87999725341797,82.0999984741211,82.41999816894531,82.44999694824219,3453000.0,80.54034423828125,NKE
2018-08-27,83.44999694824219,82.2300033569336,83.04000091552734,82.6500015258789,4012400.0,80.7357177734375,NKE
2018-08-28,83.62999725341797,82.4800033569336,83.2300033569336,82.58000183105469,3788800.0,80.66734313964844,NKE
2018-08-29,83.0999984741211,82.22000122070312,82.41999816894531,82.79000091552734,5712400.0,80.87248992919922,NKE
2018-08-30,82.76000213623047,81.01000213623047,82.58000183105469,81.4000015258789,7122100.0,79.5146713256836,NKE
2018-08-31,82.25,81.25,81.25,82.19999694824219,5177100.0,80.4939193725586,NKE
2018-09-04,80.97000122070312,79.0,79.38999938964844,79.5999984741211,18565800.0,77.9478759765625,NKE
2018-09-05,80.31999969482422,79.30000305175781,79.6500015258789,79.91999816894531,12269100.0,78.26123046875,NKE
2018-09-06,80.83999633789062,79.7699966430664,80.16999816894531,80.4000015258789,8576900.0,78.73127746582031,NKE
2018-09-07,81.16000366210938,80.01000213623047,80.01000213623047,80.30000305175781,6633900.0,78.63336181640625,NKE
2018-09-10,82.44000244140625,81.22000122070312,81.38999938964844,82.0999984741211,6965600.0,80.39598846435547,NKE
2018-09-11,83.58000183105469,82.55000305175781,83.19999694824219,82.62999725341797,7166800.0,80.91499328613281,NKE
2018-09-12,83.04000091552734,82.04000091552734,82.69999694824219,83.0,5384300.0,81.27732849121094,NKE
2018-09-13,83.9000015258789,83.12000274658203,83.20999908447266,83.47000122070312,5382100.0,81.7375717163086,NKE
2018-09-14,83.83999633789062,83.05999755859375,83.58000183105469,83.48999786376953,4884400.0,81.75713348388672,NKE
2018-09-17,83.93000030517578,82.94000244140625,83.48999786376953,83.26000213623047,4861100.0,81.53192138671875,NKE
2018-09-18,85.3499984741211,83.23999786376953,83.23999786376953,85.26000213623047,7277700.0,83.49042510986328,NKE
2018-09-19,85.8499984741211,84.12000274658203,85.69000244140625,84.43000030517578,8053100.0,82.67764282226562,NKE
2018-09-20,85.87000274658203,84.93000030517578,85.08999633789062,85.37000274658203,6620300.0,83.59813690185547,NKE
2018-09-21,86.04000091552734,85.01000213623047,86.0,85.55000305175781,13852700.0,83.7743911743164,NKE
2018-09-24,85.26000213623047,84.25,85.16000366210938,84.2699966430664,8770400.0,82.52096557617188,NKE
2018-09-25,85.0999984741211,84.06999969482422,84.86000061035156,84.79000091552734,10519500.0,83.03016662597656,NKE
2018-09-26,84.7300033569336,81.94999694824219,82.61000061035156,83.69999694824219,16357100.0,81.96277618408203,NKE
2018-09-27,84.91999816894531,83.7300033569336,83.7699966430664,84.54000091552734,6080600.0,82.78536224365234,NKE
2018-09-28,85.2699966430664,84.25,84.29000091552734,84.72000122070312,7452700.0,82.96161651611328,NKE
2018-10-01,85.8499984741211,84.37000274658203,85.0999984741211,84.45999908447266,7876400.0,82.70703125,NKE
2018-10-02,84.55000305175781,82.5,84.33999633789062,82.7699966430664,8446900.0,81.05209350585938,NKE
2018-10-03,82.95999908447266,81.75,81.93000030517578,82.5,10046700.0,80.7876968383789,NKE
2018-10-04,82.4800033569336,80.0199966430664,82.33999633789062,80.18000030517578,9161100.0,78.51586151123047,NKE
2018-10-05,80.98999786376953,79.43000030517578,80.08999633789062,80.12000274658203,7019100.0,78.45709991455078,NKE
2018-10-08,80.54000091552734,79.08000183105469,80.04000091552734,80.2300033569336,8058700.0,78.5648193359375,NKE
2018-10-09,81.48999786376953,80.16000366210938,80.37000274658203,80.41999816894531,7643400.0,78.7508773803711,NKE
2018-10-10,80.04000091552734,74.7699966430664,79.66000366210938,74.94000244140625,12977800.0,73.38461303710938,NKE
2018-10-11,77.06999969482422,73.9000015258789,74.7699966430664,74.51000213623047,11532100.0,72.96353912353516,NKE
2018-10-12,76.86000061035156,74.91000366210938,75.97000122070312,75.91000366210938,10393800.0,74.33448028564453,NKE
2018-10-15,76.16000366210938,74.97000122070312,75.7699966430664,74.98999786376953,5789000.0,73.43356323242188,NKE
2018-10-16,77.6500015258789,75.31999969482422,75.5999984741211,77.4800033569336,7744200.0,75.87188720703125,NKE
2018-10-17,77.80000305175781,75.94000244140625,77.5199966430664,76.4800033569336,6816900.0,74.89264678955078,NKE
2018-10-18,77.41000366210938,75.0,77.4000015258789,75.5999984741211,7622200.0,74.03089904785156,NKE
2018-10-19,76.05000305175781,74.13999938964844,75.83000183105469,74.20999908447266,7301200.0,72.66974639892578,NKE
2018-10-22,75.20999908447266,74.30000305175781,74.6500015258789,74.9000015258789,7042500.0,73.3454360961914,NKE
2018-10-23,74.37999725341797,72.06999969482422,74.19000244140625,73.3499984741211,11423800.0,71.82759857177734,NKE
2018-10-24,74.61000061035156,71.94999694824219,73.47000122070312,72.12000274658203,8333900.0,70.62313079833984,NKE
2018-10-25,73.5,72.2300033569336,72.69000244140625,73.0999984741211,7648000.0,71.58279418945312,NKE
2018-10-26,72.70999908447266,70.69000244140625,72.0,72.06999969482422,8371100.0,70.57417297363281,NKE
2018-10-29,74.01000213623047,71.38999938964844,73.26000213623047,72.19000244140625,9874200.0,70.69168090820312,NKE
2018-10-30,74.63999938964844,72.80999755859375,73.06999969482422,74.51000213623047,9470000.0,72.96353912353516,NKE
2018-10-31,76.33999633789062,74.91999816894531,75.5,75.04000091552734,8755500.0,73.4825210571289,NKE
2018-11-01,76.83999633789062,74.83999633789062,75.2300033569336,76.79000091552734,6117800.0,75.19620513916016,NKE
2018-11-02,78.58999633789062,75.70999908447266,77.52999877929688,76.58000183105469,6995100.0,74.99057006835938,NKE
2018-11-05,77.7699966430664,76.05000305175781,76.48999786376953,77.52999877929688,7143300.0,75.92086029052734,NKE
2018-11-06,77.58000183105469,76.36000061035156,77.33999633789062,76.56999969482422,6424200.0,74.98077392578125,NKE
2018-11-07,78.2300033569336,76.56999969482422,76.94000244140625,77.97000122070312,5403900.0,76.35171508789062,NKE
2018-11-08,78.16000366210938,77.23999786376953,77.69000244140625,77.77999877929688,5425000.0,76.1656494140625,NKE
2018-11-09,77.7699966430664,75.52999877929688,77.70999908447266,76.36000061035156,4737600.0,74.77513122558594,NKE
2018-11-12,76.7699966430664,74.98999786376953,76.3499984741211,75.0999984741211,5204900.0,73.54127502441406,NKE
2018-11-13,76.2699966430664,74.83999633789062,75.52999877929688,75.19999694824219,4584600.0,73.63920593261719,NKE
2018-11-14,77.48999786376953,74.88999938964844,76.31999969482422,75.19999694824219,7984200.0,73.63920593261719,NKE
2018-11-15,74.66999816894531,72.88999938964844,74.44000244140625,74.33000183105469,7858300.0,72.78724670410156,NKE
2018-11-16,75.5199966430664,73.05999755859375,73.76000213623047,74.73999786376953,8064200.0,73.18875122070312,NKE
2018-11-19,74.75,71.86000061035156,74.69000244140625,72.5199966430664,6744900.0,71.01482391357422,NKE
2018-11-20,72.06999969482422,69.51999664306639,70.48999786376953,71.12000274658203,9053900.0,69.64389038085939,NKE
2018-11-21,72.9000015258789,71.80999755859375,71.98999786376953,72.37000274658203,7326100.0,70.86795043945312,NKE
2018-11-23,72.5199966430664,71.41000366210938,72.05000305175781,71.48999786376953,2582300.0,70.00620269775389,NKE
2018-11-26,73.0,72.2699966430664,72.33999633789062,72.70999908447266,6458300.0,71.20088958740234,NKE
2018-11-27,72.55000305175781,71.30000305175781,72.27999877929688,72.08999633789062,5008000.0,70.59375,NKE
2018-11-28,74.76000213623047,72.30000305175781,72.30000305175781,74.66000366210938,6167200.0,73.11042785644531,NKE
2018-11-29,74.94999694824219,73.31999969482422,74.63999938964844,74.33999633789062,5436700.0,72.79706573486328,NKE
2018-11-30,75.4800033569336,73.9000015258789,74.18000030517578,75.12000274658203,7947300.0,73.77922058105469,NKE
2018-12-03,79.0,76.93000030517578,77.0999984741211,77.94000244140625,10211800.0,76.54887390136719,NKE
2018-12-04,78.4000015258789,75.41000366210938,77.41999816894531,75.79000091552734,8800400.0,74.437255859375,NKE
2018-12-06,75.56999969482422,73.58999633789062,74.37000274658203,75.54000091552734,9693700.0,74.19171905517578,NKE
2018-12-07,75.97000122070312,72.87000274658203,75.04000091552734,73.33999633789062,6133700.0,72.03097534179688,NKE
2018-12-10,73.70999908447266,70.61000061035156,73.0999984741211,72.51000213623047,7235000.0,71.2157974243164,NKE
2018-12-11,74.56999969482422,72.55999755859375,73.87000274658203,73.56999969482422,7794500.0,72.25688171386719,NKE
2018-12-12,75.27999877929688,73.51000213623047,74.5199966430664,74.31999969482422,6950400.0,72.99349212646484,NKE
2018-12-13,74.58999633789062,72.58999633789062,74.5,72.93000030517578,7454800.0,71.62830352783203,NKE
2018-12-14,73.6500015258789,71.41000366210938,71.97000122070312,72.52999877929688,7221200.0,71.23543548583984,NKE
2018-12-17,71.7699966430664,69.45999908447266,71.37000274658203,69.90000152587889,10647700.0,68.65238189697266,NKE
2018-12-18,72.41000366210938,70.43000030517578,70.9000015258789,71.1500015258789,7533300.0,69.88007354736328,NKE
2018-12-19,72.0,68.31999969482422,71.44999694824219,68.97000122070311,8426100.0,67.73898315429689,NKE
2018-12-20,69.56999969482422,66.52999877929689,68.73000335693361,67.52999877929689,14488500.0,66.32466888427734,NKE
2018-12-21,74.29000091552734,71.25,73.29000091552734,72.37000274658203,28487900.0,71.07830047607422,NKE
2018-12-24,71.93000030517578,68.08000183105469,71.4000015258789,68.09999847412111,8551400.0,66.88450622558594,NKE
2018-12-26,73.01000213623047,68.65000152587889,68.69999694824219,73.01000213623047,10019200.0,71.70687866210938,NKE
2018-12-27,73.7300033569336,70.98999786376953,72.18000030517578,73.66999816894531,9004900.0,72.35508728027344,NKE
2018-12-28,74.45999908447266,72.56999969482422,73.97000122070312,73.33999633789062,6197000.0,72.03097534179688,NKE
2018-12-31,74.45999908447266,73.5199966430664,73.9800033569336,74.13999938964844,5519100.0,72.81669616699219,NKE
2019-01-02,74.63999938964844,72.19000244140625,72.79000091552734,74.05999755859375,6762700.0,72.73812103271484,NKE
2019-01-03,73.31999969482422,71.20999908447266,73.25,72.75,8007400.0,71.45149993896484,NKE
2019-01-04,75.12000274658203,73.12000274658203,73.44999694824219,74.6500015258789,7844200.0,73.31759643554688,NKE
2019-01-07,76.36000061035156,74.30000305175781,74.73999786376953,75.72000122070312,8184800.0,74.36849975585938,NKE
2019-01-08,77.4000015258789,76.19999694824219,76.83000183105469,76.7300033569336,8809000.0,75.36048126220703,NKE
2019-01-09,77.1500015258789,76.13999938964844,76.97000122070312,76.58999633789062,8591000.0,75.22296905517578,NKE
2019-01-10,77.33999633789062,75.45999908447266,75.63999938964844,76.41999816894531,11148600.0,75.05599212646484,NKE
2019-01-11,76.88999938964844,75.80000305175781,76.33999633789062,76.04000091552734,10689900.0,74.68278503417969,NKE
2019-01-14,76.80999755859375,75.45999908447266,75.45999908447266,76.08999633789062,5677400.0,74.73188781738281,NKE
2019-01-15,77.9800033569336,76.12999725341797,76.19000244140625,77.87999725341797,6212400.0,76.48994445800781,NKE
2019-01-16,78.8499984741211,77.58999633789062,78.0,77.68000030517578,5697100.0,76.29351043701172,NKE
2019-01-17,79.4000015258789,77.30999755859375,77.54000091552734,79.12999725341797,7737300.0,77.71763610839844,NKE
2019-01-18,80.97000122070312,79.73999786376953,79.94999694824219,80.44999694824219,10404100.0,79.01407623291016,NKE
2019-01-22,81.30999755859375,80.19999694824219,80.33000183105469,80.75,8781700.0,79.30872344970703,NKE
2019-01-23,81.4000015258789,80.22000122070312,81.19000244140625,80.5,5823000.0,79.06319427490234,NKE
2019-01-24,80.87000274658203,79.55000305175781,80.5999984741211,80.44000244140625,4753200.0,79.00425720214844,NKE
2019-01-25,81.33000183105469,80.43000030517578,81.25,80.61000061035156,4457100.0,79.17121887207031,NKE
2019-01-28,80.51000213623047,79.73999786376953,79.80000305175781,80.31999969482422,5452000.0,78.88639068603516,NKE
2019-01-29,80.83000183105469,79.83999633789062,80.36000061035156,80.22000122070312,4187500.0,78.7881851196289,NKE
2019-01-30,81.29000091552734,80.05999755859375,80.4000015258789,81.27999877929688,5200200.0,79.82926177978516,NKE
2019-01-31,81.94999694824219,80.70999908447266,81.18000030517578,81.87999725341797,8599200.0,80.41854858398438,NKE
2019-02-01,81.9000015258789,81.12999725341797,81.83000183105469,81.51000213623047,5351900.0,80.05516052246094,NKE
2019-02-04,82.0,80.83000183105469,81.22000122070312,81.98999786376953,4236600.0,80.52658081054688,NKE
2019-02-05,83.19000244140625,81.93000030517578,81.9800033569336,82.86000061035156,6545600.0,81.38106536865234,NKE
2019-02-06,82.70999908447266,81.63999938964844,82.51000213623047,82.70999908447266,3682800.0,81.23373413085938,NKE
2019-02-07,82.8499984741211,81.70999908447266,82.1500015258789,82.38999938964844,4827500.0,80.91944885253906,NKE
2019-02-08,82.72000122070312,81.94000244140625,82.25,82.36000061035156,3786500.0,80.8899917602539,NKE
2019-02-11,83.83000183105469,82.87000274658203,82.94999694824219,83.68000030517578,6158500.0,82.1864242553711,NKE
2019-02-12,84.83999633789062,83.62000274658203,83.97000122070312,84.70999908447266,6290300.0,83.19803619384766,NKE
2019-02-13,85.58999633789062,84.76000213623047,84.76000213623047,85.4000015258789,5032800.0,83.875732421875,NKE
2019-02-14,85.13999938964844,83.69999694824219,84.61000061035156,84.68000030517578,5179000.0,83.1685791015625,NKE
2019-02-15,85.77999877929688,85.0999984741211,85.48999786376953,85.37999725341797,6111300.0,83.8560791015625,NKE
2019-02-19,85.05000305175781,84.45999908447266,84.58000183105469,84.56999969482422,5105900.0,83.060546875,NKE
2019-02-20,84.94999694824219,84.3499984741211,84.62999725341797,84.83999633789062,6436100.0,83.32572174072266,NKE
2019-02-21,84.1500015258789,83.3499984741211,83.56999969482422,83.94999694824219,8579200.0,82.45160675048828,NKE
2019-02-22,85.0199966430664,84.02999877929688,84.19999694824219,84.76000213623047,4449500.0,83.24714660644531,NKE
2019-02-25,85.7300033569336,84.95999908447266,85.38999938964844,85.16999816894531,6229700.0,83.64983367919922,NKE
2019-02-26,86.08000183105469,85.19999694824219,85.30999755859375,85.80000305175781,6678700.0,84.26860046386719,NKE
2019-02-27,86.22000122070312,85.05999755859375,85.52999877929688,86.16999816894531,4588200.0,84.63198852539062,NKE
2019-02-28,86.4000015258789,85.68000030517578,86.08000183105469,85.7300033569336,4988100.0,84.19983673095703,NKE
2019-03-01,87.98999786376953,86.23999786376953,86.93000030517578,87.16000366210938,6314900.0,85.8245620727539,NKE
2019-03-04,87.98999786376953,85.11000061035156,87.31999969482422,85.63999938964844,7339500.0,84.32785034179688,NKE
2019-03-05,86.25,85.44000244140625,85.87999725341797,85.44000244140625,4976300.0,84.13090515136719,NKE
2019-03-06,85.98999786376953,85.04000091552734,85.5999984741211,85.12999725341797,3198000.0,83.8256607055664,NKE
2019-03-07,85.41000366210938,84.66000366210938,84.97000122070312,85.26000213623047,4321800.0,83.95367431640625,NKE
2019-03-08,84.87999725341797,84.0199966430664,84.58000183105469,84.80000305175781,4669700.0,83.5007095336914,NKE
2019-03-11,85.94000244140625,85.05000305175781,85.38999938964844,85.81999969482422,3999800.0,84.50508880615234,NKE
2019-03-12,86.08000183105469,85.0199966430664,85.77999877929688,85.43000030517578,4431600.0,84.12106323242188,NKE
2019-03-13,86.66000366210938,85.5999984741211,85.69999694824219,85.93000030517578,5037800.0,84.61341094970703,NKE
2019-03-14,86.87999725341797,85.69999694824219,86.1500015258789,86.87000274658203,5906100.0,85.53900146484375,NKE
2019-03-15,87.61000061035156,85.95999908447266,87.22000122070312,86.80000305175781,11031400.0,85.47007751464844,NKE
2019-03-18,87.83999633789062,87.0,87.30000305175781,87.81999969482422,7750700.0,86.47444152832031,NKE
2019-03-19,88.58999633789062,87.29000091552734,88.22000122070312,87.69000244140625,6642200.0,86.346435546875,NKE
2019-03-20,87.58000183105469,86.08999633789062,87.5,86.69000244140625,5991500.0,85.36176300048828,NKE
2019-03-21,88.12000274658203,86.83000183105469,87.23999786376953,88.01000213623047,10386900.0,86.66152954101562,NKE
2019-03-22,85.9000015258789,82.1500015258789,85.19999694824219,82.19000244140625,21659800.0,80.93070983886719,NKE
2019-03-25,83.22000122070312,80.88999938964844,81.4800033569336,82.33000183105469,15558300.0,81.06855773925781,NKE
2019-03-26,84.08999633789062,82.91000366210938,83.62999725341797,83.37999725341797,9611900.0,82.10246276855469,NKE
2019-03-27,83.80000305175781,82.04000091552734,83.69000244140625,83.08999633789062,6485100.0,81.8169174194336,NKE
2019-03-28,84.72000122070312,83.69999694824219,83.93000030517578,84.04000091552734,6032700.0,82.75235748291016,NKE
2019-03-29,84.8499984741211,83.86000061035156,84.5999984741211,84.20999908447266,6492000.0,82.91976165771484,NKE
2019-04-01,85.31999969482422,84.69999694824219,85.04000091552734,85.2300033569336,6737400.0,83.92412567138672,NKE
2019-04-02,85.26000213623047,84.16000366210938,85.0,84.37000274658203,4433800.0,83.07730865478516,NKE
2019-04-03,84.98999786376953,84.25,84.9000015258789,84.47000122070312,4080900.0,83.17577362060547,NKE
2019-04-04,85.37999725341797,84.36000061035156,84.48999786376953,85.27999877929688,3660700.0,83.97335815429688,NKE
2019-04-05,86.16000366210938,85.05000305175781,86.0,85.4000015258789,7367400.0,84.0915298461914,NKE
2019-04-08,85.29000091552734,84.56999969482422,85.01000213623047,84.7300033569336,4705800.0,83.43180084228516,NKE
2019-04-09,84.5999984741211,83.97000122070312,84.22000122070312,84.27999877929688,3804500.0,82.98867797851562,NKE
2019-04-10,85.01000213623047,84.55999755859375,84.63999938964844,84.87999725341797,3918400.0,83.5794906616211,NKE
2019-04-11,85.05000305175781,84.27999877929688,84.9000015258789,85.0,3347400.0,83.69764709472656,NKE
2019-04-12,86.48999786376953,85.29000091552734,85.30000305175781,86.23999786376953,6037000.0,84.91864776611328,NKE
2019-04-15,87.23999786376953,86.44000244140625,86.88999938964844,86.83000183105469,5034900.0,85.49961853027344,NKE
2019-04-16,87.94999694824219,87.0,87.0,87.80000305175781,4652700.0,86.45474243164062,NKE
2019-04-17,88.97000122070312,87.44999694824219,87.94999694824219,88.7300033569336,5694900.0,87.3705062866211,NKE
2019-04-18,90.0,88.69999694824219,88.76000213623047,89.19999694824219,7016600.0,87.83329772949219,NKE
2019-04-22,88.63999938964844,87.30000305175781,88.3499984741211,87.36000061035156,5390500.0,86.02149963378906,NKE
2019-04-23,87.66999816894531,87.01000213623047,87.56999969482422,87.43000030517578,7513700.0,86.09042358398438,NKE
2019-04-24,88.81999969482422,87.43000030517578,87.66999816894531,88.38999938964844,8063000.0,87.03571319580078,NKE
2019-04-25,88.54000091552734,87.48999786376953,88.4000015258789,87.55999755859375,7069900.0,86.21842956542969,NKE
2019-04-26,88.94000244140625,87.33000183105469,87.94999694824219,88.30999755859375,6219600.0,86.95693969726562,NKE
2019-04-29,88.51000213623047,88.12999725341797,88.18000030517578,88.26000213623047,5008400.0,86.90771484375,NKE
2019-04-30,88.4000015258789,87.26000213623047,88.29000091552734,87.83000183105469,7614100.0,86.48429870605469,NKE
2019-05-01,87.94999694824219,85.87000274658203,87.7300033569336,85.9000015258789,6524600.0,84.5838623046875,NKE
2019-05-02,86.27999877929688,84.98999786376953,86.20999908447266,85.2699966430664,6813700.0,83.96350860595703,NKE
2019-05-03,86.30000305175781,85.69999694824219,85.9000015258789,85.69999694824219,6798300.0,84.38690948486328,NKE
2019-05-06,83.87000274658203,82.86000061035156,83.7699966430664,83.56999969482422,12836600.0,82.28955078125,NKE
2019-05-07,83.62999725341797,81.83000183105469,83.0199966430664,82.54000091552734,9811300.0,81.27534484863281,NKE
2019-05-08,83.98999786376953,82.13999938964844,82.43000030517578,82.7699966430664,9501300.0,81.50181579589844,NKE
2019-05-09,83.01000213623047,81.54000091552734,82.20999908447266,82.9800033569336,6336600.0,81.70860290527344,NKE
2019-05-10,84.2699966430664,82.19000244140625,82.77999877929688,83.94999694824219,5450500.0,82.66373443603516,NKE
2019-05-13,82.62999725341797,81.31999969482422,81.6500015258789,82.52999877929688,6445200.0,81.26549530029297,NKE
2019-05-14,84.0,82.05999755859375,82.77999877929688,83.66999816894531,7529200.0,82.38802337646484,NKE
2019-05-15,84.48999786376953,82.94000244140625,83.16999816894531,84.01000213623047,4862200.0,82.72281646728516,NKE
2019-05-16,85.4000015258789,84.19999694824219,84.51000213623047,84.27999877929688,6745200.0,82.98867797851562,NKE
2019-05-17,85.5199966430664,83.5,83.51000213623047,84.56999969482422,5068200.0,83.27424621582031,NKE
2019-05-20,83.80000305175781,82.73999786376953,83.80000305175781,82.8499984741211,7181900.0,81.58059692382812,NKE
2019-05-21,83.80000305175781,82.51000213623047,83.36000061035156,83.63999938964844,5762500.0,82.35848236083984,NKE
2019-05-22,83.33999633789062,82.76000213623047,82.98999786376953,83.19999694824219,5237800.0,81.92523193359375,NKE
2019-05-23,83.05999755859375,81.98999786376953,82.5,82.63999938964844,9704200.0,81.37380981445312,NKE
2019-05-24,83.16999816894531,82.08999633789062,82.19999694824219,82.16000366210938,5999000.0,80.90117645263672,NKE
2019-05-28,83.19000244140625,81.12999725341797,82.8499984741211,81.19999694824219,7927300.0,79.95587158203125,NKE
2019-05-29,80.86000061035156,77.69999694824219,80.70999908447266,78.87000274658203,10116900.0,77.66158294677734,NKE
2019-05-30,79.7300033569336,78.61000061035156,78.91999816894531,79.26000213623047,6177800.0,78.04559326171875,NKE
2019-05-31,78.26000213623047,77.06999969482422,78.0,77.13999938964844,8891100.0,76.16949462890625,NKE
2019-06-03,78.58000183105469,77.08000183105469,77.23999786376953,77.95999908447266,11665500.0,76.97918701171875,NKE
2019-06-04,81.6500015258789,78.77999877929688,79.30000305175781,81.62000274658203,7526800.0,80.5931396484375,NKE
2019-06-05,82.9000015258789,81.93000030517578,82.29000091552734,82.72000122070312,8173200.0,81.67930603027344,NKE
2019-06-06,83.05999755859375,82.08000183105469,82.72000122070312,82.44999694824219,4953000.0,81.41268920898438,NKE
2019-06-07,83.68000030517578,82.80999755859375,83.08999633789062,83.41000366210938,3891100.0,82.36061096191406,NKE
2019-06-10,84.19999694824219,82.44999694824219,83.75,82.58000183105469,4419800.0,81.54106140136719,NKE
2019-06-11,84.33999633789062,83.12999725341797,83.6500015258789,83.26000213623047,3939400.0,82.21251678466797,NKE
2019-06-12,84.0199966430664,82.5199966430664,83.4800033569336,82.62999725341797,4025900.0,81.59042358398438,NKE
2019-06-13,83.91999816894531,83.05000305175781,83.1500015258789,83.61000061035156,3383400.0,82.55810546875,NKE
2019-06-14,83.86000061035156,83.04000091552734,83.51000213623047,83.44000244140625,4355600.0,82.39024353027344,NKE
2019-06-17,83.45999908447266,82.01000213623047,83.33999633789062,82.11000061035156,5101900.0,81.07697296142578,NKE
2019-06-18,84.6500015258789,82.5,82.69999694824219,84.30000305175781,6456500.0,83.23943328857422,NKE
2019-06-19,83.9000015258789,83.13999938964844,83.7300033569336,83.55000305175781,6217700.0,82.49886322021484,NKE
2019-06-20,85.66999816894531,84.41999816894531,84.9000015258789,85.23999786376953,6163800.0,84.16759490966797,NKE
2019-06-21,85.75,84.5999984741211,85.16000366210938,85.75,9289800.0,84.67118072509766,NKE
2019-06-24,86.8499984741211,84.37000274658203,86.0,84.5,8043300.0,83.43690490722656,NKE
2019-06-25,84.69000244140625,82.16000366210938,84.5999984741211,82.62000274658203,7339900.0,81.58055877685547,NKE
2019-06-26,83.69000244140625,82.44000244140625,83.1500015258789,82.55000305175781,5838500.0,81.51143646240234,NKE
2019-06-27,83.7699966430664,82.93000030517578,82.93000030517578,83.66000366210938,11436700.0,82.60748291015625,NKE
2019-06-28,84.75,82.66999816894531,83.98999786376953,83.94999694824219,12443800.0,82.89382934570312,NKE
2019-07-01,86.27999877929688,84.9000015258789,84.93000030517578,85.41000366210938,6607600.0,84.33546447753906,NKE
2019-07-02,85.47000122070312,84.22000122070312,85.36000061035156,84.95999908447266,7187200.0,83.89112091064453,NKE
2019-07-03,86.29000091552734,85.12000274658203,85.33000183105469,86.19999694824219,4012800.0,85.11551666259766,NKE
2019-07-05,86.91000366210938,85.41999816894531,85.80000305175781,86.81999969482422,6440900.0,85.72771453857422,NKE
2019-07-08,88.5199966430664,85.97000122070312,86.05999755859375,88.4800033569336,7052000.0,87.36683654785156,NKE
2019-07-09,88.80000305175781,87.81999969482422,88.0999984741211,88.04000091552734,6219700.0,86.93236541748047,NKE
2019-07-10,88.94000244140625,87.38999938964844,88.4800033569336,87.44000244140625,5985500.0,86.33991241455078,NKE
2019-07-11,88.30000305175781,87.4000015258789,87.70999908447266,88.29000091552734,3942400.0,87.1792221069336,NKE
2019-07-12,89.30999755859375,88.01000213623047,88.18000030517578,89.12000274658203,4240900.0,87.99878692626953,NKE
2019-07-15,89.87000274658203,89.05999755859375,89.05999755859375,89.4800033569336,3750900.0,88.35425567626953,NKE
2019-07-16,89.70999908447266,88.56999969482422,89.5,88.5999984741211,5812800.0,87.48532104492188,NKE
2019-07-17,88.69000244140625,87.44000244140625,88.41999816894531,87.5,4461500.0,86.39916229248047,NKE
2019-07-18,87.76000213623047,86.76000213623047,87.62999725341797,87.44000244140625,4609200.0,86.33991241455078,NKE
2019-07-19,87.87999725341797,86.4800033569336,87.7300033569336,86.55000305175781,6635300.0,85.46112060546875,NKE
2019-07-22,86.98999786376953,85.83000183105469,86.55999755859375,85.97000122070312,6810300.0,84.88842010498047,NKE
2019-07-23,87.0999984741211,86.2300033569336,86.63999938964844,86.69999694824219,5659900.0,85.60921478271484,NKE
2019-07-24,87.20999908447266,86.30999755859375,86.6500015258789,86.69999694824219,6362900.0,85.60921478271484,NKE
2019-07-25,87.5,86.58999633789062,86.81999969482422,87.27999877929688,4546400.0,86.18193054199219,NKE
2019-07-26,87.83999633789062,86.7699966430664,87.44000244140625,87.54000091552734,3707200.0,86.43865966796875,NKE
2019-07-29,87.87000274658203,87.18000030517578,87.6500015258789,87.62000274658203,4387300.0,86.51765441894531,NKE
2019-07-30,87.91000366210938,86.36000061035156,86.81999969482422,87.19999694824219,3561200.0,86.10293579101562,NKE
2019-07-31,87.2699966430664,85.55000305175781,87.08999633789062,86.02999877929688,5818200.0,84.94764709472656,NKE
2019-08-01,86.7699966430664,82.69999694824219,85.26000213623047,83.12000274658203,7871800.0,82.07427978515625,NKE
2019-08-02,83.23999786376953,80.79000091552734,82.52999877929688,81.13999938964844,8761400.0,80.11918640136719,NKE
2019-08-05,80.05000305175781,78.19000244140625,79.66000366210938,78.97000122070312,8493300.0,77.97647857666016,NKE
2019-08-06,81.58999633789062,79.48999786376953,79.8499984741211,81.30000305175781,8664500.0,80.27716827392578,NKE
2019-08-07,81.81999969482422,80.08999633789062,80.5,81.27999877929688,6275000.0,80.25740814208984,NKE
2019-08-08,83.36000061035156,81.61000061035156,81.80999755859375,83.0,6208900.0,81.9557876586914,NKE
2019-08-09,83.43000030517578,81.31999969482422,83.13999938964844,81.9800033569336,5460200.0,80.94861602783203,NKE
2019-08-12,81.94999694824219,81.18000030517578,81.41000366210938,81.6500015258789,3595500.0,80.62276458740234,NKE
2019-08-13,84.1500015258789,80.8499984741211,81.16999816894531,83.31999969482422,6896800.0,82.27174377441406,NKE
2019-08-14,81.69000244140625,80.51000213623047,81.23999786376953,81.02999877929688,7266100.0,80.01055908203125,NKE
2019-08-15,81.30000305175781,79.44000244140625,80.93000030517578,79.51000213623047,6713600.0,78.50968933105469,NKE
2019-08-16,80.55999755859375,79.25,80.08999633789062,80.27999877929688,5649000.0,79.2699966430664,NKE
2019-08-19,82.33999633789062,80.83000183105469,82.0,81.12999725341797,7027900.0,80.10929870605469,NKE
2019-08-20,81.2300033569336,79.44999694824219,80.72000122070312,80.52999877929688,5903100.0,79.51685333251953,NKE
2019-08-21,82.83999633789062,81.62999725341797,81.94000244140625,82.73999786376953,6454200.0,81.69903564453125,NKE
2019-08-22,83.72000122070312,82.5,83.0,83.30999755859375,5571600.0,82.26187896728516,NKE
2019-08-23,82.76000213623047,80.02999877929688,82.0199966430664,80.44000244140625,8497800.0,79.42798614501953,NKE
2019-08-26,82.27999877929688,80.73999786376953,81.44000244140625,82.25,4336000.0,81.21521759033203,NKE
2019-08-27,83.18000030517578,82.0,82.62999725341797,82.02999877929688,3842500.0,80.99797821044922,NKE
2019-08-28,83.58999633789062,81.72000122070312,81.9000015258789,83.4800033569336,4123700.0,82.42973327636719,NKE
2019-08-29,85.7699966430664,84.16999816894531,84.22000122070312,85.37999725341797,5101900.0,84.30583190917969,NKE
2019-08-30,85.98999786376953,84.41000366210938,85.69999694824219,84.5,5235400.0,83.65245056152344,NKE
2019-09-03,84.83000183105469,83.62000274658203,84.0,84.66999816894531,6360800.0,83.82074737548828,NKE
2019-09-04,86.5,85.5,85.58000183105469,86.3499984741211,4151200.0,85.48389434814453,NKE
2019-09-05,88.62000274658203,87.27999877929688,87.27999877929688,88.41999816894531,6328400.0,87.53314208984375,NKE
2019-09-06,88.9800033569336,88.0199966430664,88.4000015258789,88.69000244140625,3625300.0,87.8004379272461,NKE
2019-09-09,89.3499984741211,88.41999816894531,88.94000244140625,88.66999816894531,4282400.0,87.7806167602539,NKE
2019-09-10,88.62999725341797,86.29000091552734,88.26000213623047,86.83000183105469,7072400.0,85.9590835571289,NKE
2019-09-11,87.25,85.87000274658203,86.95999908447266,86.75,4623300.0,85.8798828125,NKE
2019-09-12,88.06999969482422,86.22000122070312,87.0999984741211,87.66999816894531,4057500.0,86.79066467285156,NKE
2019-09-13,88.79000091552734,87.30000305175781,88.25,87.31999969482422,5894700.0,86.44417572021484,NKE
2019-09-16,87.81999969482422,86.66999816894531,87.08999633789062,87.2699966430664,4171700.0,86.39466857910156,NKE
2019-09-17,87.63999938964844,86.47000122070312,86.7699966430664,87.58999633789062,3248400.0,86.71146392822266,NKE
2019-09-18,88.4000015258789,87.20999908447266,87.6500015258789,88.08000183105469,4722200.0,87.19654083251953,NKE
2019-09-19,88.72000122070312,87.51000213623047,88.4000015258789,87.69999694824219,4231200.0,86.82035827636719,NKE
2019-09-20,88.48999786376953,86.66999816894531,88.0,86.68000030517578,6991100.0,85.81059265136719,NKE
2019-09-23,88.0199966430664,86.80000305175781,86.9800033569336,87.69000244140625,4790000.0,86.81045532226562,NKE
2019-09-24,88.69000244140625,86.76000213623047,88.44999694824219,87.18000030517578,10202900.0,86.30557250976562,NKE
2019-09-25,92.79000091552734,90.1500015258789,91.77999877929688,90.80999755859376,25330700.0,89.89916229248047,NKE
2019-09-26,92.4499969482422,90.25,91.62000274658205,92.16999816894531,10408300.0,91.24552154541016,NKE
2019-09-27,92.86000061035156,91.5999984741211,91.8499984741211,92.30999755859376,6420500.0,91.38411712646484,NKE
2019-09-30,94.08000183105469,92.5,92.52999877929688,93.91999816894531,7401200.0,92.97796630859376,NKE
2019-10-01,94.75,92.05999755859376,94.12999725341795,92.27999877929688,8464900.0,91.35441589355469,NKE
2019-10-02,91.83999633789062,90.56999969482422,91.47000122070312,91.48999786376952,6933900.0,90.57234191894531,NKE
2019-10-03,92.31999969482422,90.3499984741211,91.30999755859376,92.22000122070312,5762300.0,91.2950210571289,NKE
2019-10-04,93.16999816894531,91.93000030517578,92.22000122070312,93.06999969482422,4551400.0,92.13648986816406,NKE
2019-10-07,93.91999816894531,92.4000015258789,92.5,93.16999816894531,4975400.0,92.2354965209961,NKE
2019-10-08,92.70999908447266,90.41000366210938,90.4499969482422,91.75,6916800.0,90.82974243164062,NKE
2019-10-09,93.0500030517578,91.81999969482422,92.41000366210938,92.5199966430664,5115900.0,91.59201049804688,NKE
2019-10-10,93.5,92.72000122070312,93.5,93.0,5794100.0,92.06719970703124,NKE
2019-10-11,94.56999969482422,93.55999755859376,94.0,93.87999725341795,6220100.0,92.93836975097656,NKE
2019-10-14,95.25,94.0500030517578,94.1999969482422,94.87999725341795,4636000.0,93.9283447265625,NKE
2019-10-15,95.18000030517578,94.12000274658205,95.0,94.79000091552734,4292500.0,93.83924865722656,NKE
2019-10-16,95.13999938964844,94.06999969482422,94.08999633789062,94.87999725341795,4883300.0,93.9283447265625,NKE
2019-10-17,95.88999938964844,94.97000122070312,95.56999969482422,95.55999755859376,3427400.0,94.6015167236328,NKE
2019-10-18,96.45999908447266,94.8000030517578,94.80999755859376,96.0999984741211,6209200.0,95.13610076904295,NKE
2019-10-21,96.87000274658205,95.41999816894531,96.61000061035156,96.22000122070312,5185800.0,95.2549057006836,NKE
2019-10-22,96.83000183105469,95.5199966430664,96.05999755859376,95.5999984741211,5470100.0,94.64111328125,NKE
2019-10-23,95.54000091552734,92.12000274658205,95.02999877929688,92.31999969482422,11933600.0,91.3940200805664,NKE
2019-10-24,92.87000274658205,90.98999786376952,92.68000030517578,91.5,12085800.0,90.58224487304688,NKE
2019-10-25,91.83000183105469,90.75,91.44000244140624,90.91999816894531,8147200.0,90.00806427001953,NKE
2019-10-28,91.3000030517578,90.16999816894531,91.05999755859376,90.8499984741211,10304300.0,89.93875122070312,NKE
2019-10-29,90.91999816894531,89.12999725341797,90.8499984741211,89.27999877929688,9044400.0,88.38451385498047,NKE
2019-10-30,90.2699966430664,89.3499984741211,89.44999694824219,90.19000244140624,8127300.0,89.28538513183594,NKE
2019-10-31,90.41000366210938,88.94000244140625,90.0,89.55000305175781,6751700.0,88.65180206298828,NKE
2019-11-01,90.52999877929688,89.0,90.18000030517578,89.18000030517578,5263600.0,88.28551483154297,NKE
2019-11-04,90.55999755859376,89.31999969482422,90.12999725341795,89.86000061035156,8161200.0,88.95868682861328,NKE
2019-11-05,90.33999633789062,89.54000091552734,90.1500015258789,89.87999725341797,5589700.0,88.9784927368164,NKE
2019-11-06,90.72000122070312,88.73999786376953,90.63999938964844,89.4800033569336,7033800.0,88.58250427246094,NKE
2019-11-07,90.5999984741211,89.7699966430664,90.47000122070312,90.4000015258789,7110000.0,89.4932861328125,NKE
2019-11-08,90.3499984741211,89.29000091552734,90.27999877929688,89.80999755859375,4555400.0,88.90919494628906,NKE
2019-11-11,90.0999984741211,89.37000274658203,89.37000274658203,90.05000305175781,3247300.0,89.14679718017578,NKE
2019-11-12,92.02999877929688,89.48999786376953,90.30999755859376,89.5,3979600.0,88.602294921875,NKE
2019-11-13,91.5500030517578,89.56999969482422,89.7300033569336,91.29000091552734,5923600.0,90.37434387207031,NKE
2019-11-14,91.95999908447266,90.72000122070312,91.48999786376952,91.2699966430664,6035300.0,90.35454559326172,NKE
2019-11-15,93.55999755859376,91.95999908447266,92.13999938964844,93.04000091552734,6785500.0,92.10679626464844,NKE
2019-11-18,94.26000213623048,92.91000366210938,93.5,94.18000030517578,6165600.0,93.23535919189452,NKE
2019-11-19,95.12000274658205,93.05999755859376,94.61000061035156,93.61000061035156,5368400.0,92.67108154296876,NKE
2019-11-20,94.4000015258789,92.7699966430664,94.11000061035156,93.0500030517578,6235400.0,92.11669921875,NKE
2019-11-21,93.3000030517578,92.06999969482422,92.62000274658205,92.16000366210938,5493100.0,91.23562622070312,NKE
2019-11-22,93.3499984741211,91.93000030517578,92.20999908447266,93.33999633789062,4264400.0,92.4037857055664,NKE
2019-11-25,93.97000122070312,92.73999786376952,93.77999877929688,92.9000015258789,5419700.0,91.96820068359376,NKE
2019-11-26,93.62999725341795,93.0199966430664,93.37999725341795,93.33000183105469,5907400.0,92.39389038085938,NKE
2019-11-27,94.37999725341795,93.5,93.5,94.13999938964844,4017400.0,93.1957550048828,NKE
2019-11-29,94.61000061035156,93.38999938964844,94.37000274658205,93.48999786376952,2541800.0,92.79377746582031,NKE
2019-12-02,94.27999877929688,92.9800033569336,94.08999633789062,93.55999755859376,3892000.0,92.8632583618164,NKE
2019-12-03,92.5500030517578,91.30999755859376,92.4800033569336,92.45999908447266,5570700.0,91.77145385742188,NKE
2019-12-04,93.79000091552734,92.7300033569336,92.80999755859376,93.72000122070312,4456400.0,93.0220718383789,NKE
2019-12-05,95.9499969482422,94.68000030517578,95.87999725341795,95.79000091552734,6946000.0,95.07665252685548,NKE
2019-12-06,97.30999755859376,96.37999725341795,96.55999755859376,97.0,6368500.0,96.27764129638672,NKE
2019-12-09,97.62999725341795,96.16000366210938,97.0199966430664,96.62999725341795,6517800.0,95.91038513183594,NKE
2019-12-10,97.58999633789062,96.62999725341795,96.76000213623048,97.01000213623048,4234300.0,96.28756713867188,NKE
2019-12-11,97.31999969482422,96.6500015258789,96.9000015258789,97.18000030517578,4319700.0,96.45630645751952,NKE
2019-12-12,98.18000030517578,96.9000015258789,97.31999969482422,97.72000122070312,4762800.0,96.99227905273438,NKE
2019-12-13,98.29000091552734,96.91000366210938,97.43000030517578,97.7699966430664,5247600.0,97.04190826416016,NKE
2019-12-16,99.33999633789062,98.05999755859376,98.13999938964844,98.80999755859376,8211300.0,98.07415771484376,NKE
2019-12-17,100.16999816894531,99.0500030517578,99.37999725341795,99.6500015258789,7050700.0,98.90790557861328,NKE
2019-12-18,100.79000091552734,99.58000183105469,100.1999969482422,100.56999969482422,7332000.0,99.82105255126952,NKE
2019-12-19,101.2699966430664,99.62999725341795,100.5,101.1500015258789,12214500.0,100.39673614501952,NKE
2019-12-20,101.4000015258789,98.8499984741211,101.0,99.95999908447266,17641600.0,99.2155990600586,NKE
2019-12-23,100.69000244140624,99.5500030517578,100.2300033569336,100.04000091552734,6350500.0,99.29500579833984,NKE
2019-12-24,100.66000366210938,99.76000213623048,99.83000183105469,100.13999938964844,3328100.0,99.39425659179688,NKE
2019-12-26,100.75,100.11000061035156,100.33999633789062,100.70999908447266,3709900.0,99.96001434326172,NKE
2019-12-27,101.79000091552734,100.98999786376952,101.0,101.56999969482422,5307500.0,100.81361389160156,NKE
2019-12-30,101.61000061035156,100.45999908447266,101.54000091552734,100.8000030517578,3495200.0,100.04934692382812,NKE
2019-12-31,101.38999938964844,100.51000213623048,100.58000183105469,101.30999755859376,3213600.0,100.5555419921875,NKE
2020-01-02,102.20999908447266,101.0199966430664,101.36000061035156,102.1999969482422,5644100.0,101.43891143798828,NKE
2020-01-03,102.0,100.30999755859376,100.58999633789062,101.91999816894531,4541800.0,101.16100311279295,NKE
2020-01-06,101.83999633789062,100.87000274658205,100.9499969482422,101.83000183105469,4612400.0,101.0716781616211,NKE
2020-01-07,102.73999786376952,100.80999755859376,101.80999755859376,101.77999877929688,6719900.0,101.02204132080078,NKE
2020-01-08,102.13999938964844,100.8499984741211,101.30999755859376,101.5500030517578,4942200.0,100.79375457763672,NKE
2020-01-09,102.41000366210938,101.38999938964844,101.94000244140624,101.4800033569336,5007500.0,100.72428131103516,NKE
2020-01-10,101.93000030517578,100.76000213623048,101.88999938964844,100.9000015258789,5135300.0,100.14860534667969,NKE
2020-01-13,102.33999633789062,100.81999969482422,101.0,102.16000366210938,6722400.0,101.39922332763672,NKE
2020-01-14,103.88999938964844,102.3499984741211,102.4499969482422,102.91999816894531,5088500.0,102.15355682373048,NKE
2020-01-15,103.6999969482422,102.4800033569336,103.25,102.79000091552734,4209200.0,102.02452087402344,NKE
2020-01-16,103.56999969482422,102.8499984741211,102.87999725341795,103.37000274658205,6571700.0,102.60020446777344,NKE
2020-01-17,104.5500030517578,103.33999633789062,103.43000030517578,104.52999877929688,6271200.0,103.7515640258789,NKE
2020-01-21,104.69000244140624,103.80999755859376,104.25,104.58000183105469,4854700.0,103.80119323730469,NKE
2020-01-22,105.62000274658205,104.41999816894531,105.0,104.48999786376952,5031400.0,103.71186065673828,NKE
2020-01-23,104.37000274658205,102.62000274658205,104.02999877929688,103.0199966430664,7102900.0,102.2528076171875,NKE
2020-01-24,103.88999938964844,101.66000366210938,103.58999633789062,102.02999877929688,3839300.0,101.27017974853516,NKE
2020-01-27,100.70999908447266,98.01000213623048,98.20999908447266,100.23999786376952,9841400.0,99.4935073852539,NKE
2020-01-28,101.0500030517578,99.5199966430664,100.33999633789062,100.41000366210938,5673200.0,99.66224670410156,NKE
2020-01-29,101.3000030517578,99.16999816894531,101.06999969482422,99.83999633789062,4503700.0,99.0964813232422,NKE
2020-01-30,99.75,97.37000274658205,99.0199966430664,98.19000244140624,7065100.0,97.4587860107422,NKE
2020-01-31,98.4499969482422,95.91999816894531,98.11000061035156,96.3000030517578,8780300.0,95.5828628540039,NKE
2020-02-03,100.91999816894531,98.56999969482422,99.0,99.2699966430664,9727700.0,98.5307388305664,NKE
2020-02-04,102.77999877929688,101.26000213623048,101.91000366210938,101.37999725341795,6559600.0,100.6250228881836,NKE
2020-02-05,101.97000122070312,99.52999877929688,101.76000213623048,100.54000091552734,6108300.0,99.7912826538086,NKE
2020-02-06,101.52999877929688,100.16000366210938,100.9000015258789,100.2699966430664,5641800.0,99.52328491210938,NKE
2020-02-07,100.4000015258789,98.97000122070312,99.80999755859376,99.44000244140624,4121800.0,98.69947814941406,NKE
2020-02-10,100.51000213623048,99.0,99.22000122070312,100.0199966430664,4213900.0,99.275146484375,NKE
2020-02-11,100.3499984741211,99.44000244140624,100.06999969482422,100.0199966430664,4871800.0,99.275146484375,NKE
2020-02-12,103.08000183105469,100.44000244140624,100.73999786376952,103.0,8075600.0,102.23296356201172,NKE
2020-02-13,103.73999786376952,101.68000030517578,102.51000213623048,103.37000274658205,5386800.0,102.60020446777344,NKE
2020-02-14,103.88999938964844,102.4499969482422,103.52999877929688,103.54000091552734,4305300.0,102.76893615722656,NKE
2020-02-18,103.37999725341795,101.61000061035156,103.0,102.0,4916200.0,101.24040985107422,NKE
2020-02-19,103.38999938964844,102.43000030517578,102.66000366210938,102.45999908447266,6200500.0,101.6969757080078,NKE
2020-02-20,102.62999725341795,100.5500030517578,102.45999908447266,102.52999877929688,6427600.0,101.76646423339844,NKE
2020-02-21,102.08000183105469,99.62999725341795,102.0,100.25,5750900.0,99.50343322753906,NKE
2020-02-24,97.06999969482422,95.25,95.54000091552734,95.91000366210938,8364200.0,95.19576263427734,NKE
2020-02-25,96.76000213623048,92.62000274658205,96.3499984741211,92.9000015258789,9602100.0,92.20817565917969,NKE
2020-02-26,94.6500015258789,91.98999786376952,93.08000183105469,92.0,9308400.0,91.31487274169922,NKE
2020-02-27,93.05999755859376,88.5,90.0,88.55000305175781,12825700.0,87.89056396484375,NKE
2020-02-28,89.47000122070312,85.1500015258789,86.02999877929688,89.37999725341797,16565700.0,88.96051788330078,NKE
2020-03-02,93.13999938964844,87.91000366210938,89.5999984741211,92.68000030517578,14102000.0,92.24504089355469,NKE
2020-03-03,94.9800033569336,90.56999969482422,92.73999786376952,90.93000030517578,14767600.0,90.50324249267578,NKE
2020-03-04,93.81999969482422,90.83999633789062,92.08000183105469,93.79000091552734,6904400.0,93.3498306274414,NKE
2020-03-05,91.68000030517578,89.94000244140625,91.26000213623048,90.58000183105469,8851100.0,90.15489196777344,NKE
2020-03-06,89.38999938964844,85.87999725341797,88.36000061035156,88.36000061035156,12336400.0,87.9453125,NKE
2020-03-09,86.73999786376953,80.91999816894531,81.88999938964844,84.11000061035156,13272700.0,83.71525573730469,NKE
2020-03-10,88.4000015258789,82.87999725341797,86.69000244140625,88.30000305175781,12755900.0,87.88558959960938,NKE
2020-03-11,84.62999725341797,82.06999969482422,84.0,84.0,16172000.0,83.60577392578125,NKE
2020-03-12,78.48999786376953,73.0,78.2300033569336,74.19999694824219,21534800.0,73.85176086425781,NKE
2020-03-13,78.19999694824219,71.76000213623047,78.19999694824219,75.58000183105469,21859600.0,75.22529602050781,NKE
2020-03-16,72.97000122070312,63.36999893188477,65.27999877929689,66.79000091552734,17976700.0,66.47654724121094,NKE
2020-03-17,73.33000183105469,62.4000015258789,67.51000213623047,69.83999633789061,17122100.0,69.51222229003906,NKE
2020-03-18,68.33000183105469,60.0,64.79000091552734,68.04000091552734,19498800.0,67.72068023681639,NKE
2020-03-19,72.70999908447266,64.15000152587889,67.04000091552734,70.33999633789061,16177200.0,70.00988006591797,NKE
2020-03-20,74.05999755859375,67.19999694824219,71.51000213623047,67.44999694824219,15761900.0,67.13343811035156,NKE
2020-03-23,66.87999725341797,60.58000183105469,65.0,62.79999923706055,17690000.0,62.50526809692383,NKE
2020-03-24,72.66000366210938,64.0,65.69999694824219,72.33000183105469,18849500.0,71.99054718017578,NKE
2020-03-25,83.48999786376953,76.19999694824219,80.11000061035156,79.01000213623047,27053200.0,78.63919067382812,NKE
2020-03-26,86.86000061035156,80.01000213623047,80.16999816894531,84.30000305175781,17200800.0,83.90436553955078,NKE
2020-03-27,85.73999786376953,79.51000213623047,81.69999694824219,83.2300033569336,14183400.0,82.83939361572266,NKE
2020-03-30,85.95999908447266,81.5,84.0,85.37999725341797,10960100.0,84.97928619384766,NKE
2020-03-31,85.7300033569336,82.4000015258789,85.12999725341797,82.73999786376953,9610100.0,82.35167694091797,NKE
2020-04-01,81.18000030517578,78.52999877929688,79.48999786376953,79.2300033569336,9771300.0,78.85816192626953,NKE
2020-04-02,81.5999984741211,77.16000366210938,79.0,80.13999938964844,12731300.0,79.76388549804688,NKE
2020-04-03,79.79000091552734,77.91000366210938,79.36000061035156,78.86000061035156,8476900.0,78.48989868164062,NKE
2020-04-06,85.04000091552734,81.20999908447266,81.91000366210938,84.62999725341797,11266500.0,84.2328109741211,NKE
2020-04-07,88.87000274658203,84.02999877929688,88.69999694824219,84.16000366210938,10468100.0,83.76502227783203,NKE
2020-04-08,85.7699966430664,83.61000061035156,84.69999694824219,85.30000305175781,6642700.0,84.89967346191406,NKE
2020-04-09,87.38999938964844,85.16000366210938,86.69000244140625,86.79000091552734,7773600.0,86.38268280029297,NKE
2020-04-13,85.98999786376953,84.13999938964844,85.80000305175781,84.45999908447266,5077600.0,84.06361389160156,NKE
2020-04-14,87.7699966430664,85.4800033569336,85.94999694824219,87.47000122070312,6397200.0,87.05948638916016,NKE
2020-04-15,85.87999725341797,83.70999908447266,84.87000274658203,85.04000091552734,8053900.0,84.6408920288086,NKE
2020-04-16,86.52999877929688,84.55000305175781,85.43000030517578,86.30000305175781,9373800.0,85.89497375488281,NKE
2020-04-17,90.25,88.36000061035156,89.0,89.91000366210938,8111400.0,89.488037109375,NKE
2020-04-20,89.44000244140625,87.5199966430664,88.43000030517578,87.9000015258789,7244400.0,87.48747253417969,NKE
2020-04-21,86.9000015258789,85.08999633789062,85.98999786376953,85.19999694824219,6597000.0,84.80013275146484,NKE
2020-04-22,89.44000244140625,86.41999816894531,86.9800033569336,88.7699966430664,6463900.0,88.35338592529297,NKE
2020-04-23,89.52999877929688,87.26000213623047,88.94000244140625,87.3499984741211,5343500.0,86.94004821777344,NKE
2020-04-24,89.12000274658203,87.6500015258789,88.88999938964844,88.37000274658203,4450100.0,87.95526123046875,NKE
2020-04-27,89.87000274658203,87.30999755859375,88.37999725341797,89.37000274658203,6875100.0,88.95056915283203,NKE
2020-04-28,90.70999908447266,88.62999725341797,90.5500030517578,88.80000305175781,5145400.0,88.38324737548828,NKE
2020-04-29,91.38999938964844,87.83000183105469,90.0,88.06999969482422,9461400.0,87.65666961669922,NKE
2020-04-30,88.0,86.51000213623047,87.0,87.18000030517578,9371400.0,86.77084350585938,NKE
2020-05-01,86.11000061035156,84.80999755859375,85.66999816894531,85.54000091552734,6151200.0,85.13854217529297,NKE
2020-05-04,85.80000305175781,84.30999755859375,84.68000030517578,85.75,6348900.0,85.3475570678711,NKE
2020-05-05,88.52999877929688,86.02999877929688,86.54000091552734,87.19999694824219,6321500.0,86.7907485961914,NKE
2020-05-06,88.69000244140625,87.43000030517578,88.05000305175781,88.44000244140625,7342300.0,88.02493286132812,NKE
2020-05-07,90.23999786376952,88.37999725341797,89.4000015258789,88.55999755859375,4565900.0,88.14436340332031,NKE
2020-05-08,90.63999938964844,89.58999633789062,90.11000061035156,90.45999908447266,5488000.0,90.03545379638672,NKE
2020-05-11,91.41999816894531,89.13999938964844,89.44999694824219,90.93000030517578,4937600.0,90.50324249267578,NKE
2020-05-12,91.66999816894531,88.1500015258789,91.52999877929688,88.26000213623047,5622600.0,87.84577941894531,NKE
2020-05-13,87.73999786376953,85.19999694824219,87.37999725341797,86.0199966430664,6739800.0,85.61628723144531,NKE
2020-05-14,86.58000183105469,84.11000061035156,85.0,86.55000305175781,7431800.0,86.14380645751953,NKE
2020-05-15,87.2300033569336,84.87999725341797,85.25,86.98999786376953,9165000.0,86.58173370361328,NKE
2020-05-18,91.5999984741211,89.87999725341797,90.48999786376952,91.04000091552734,8519600.0,90.61273193359376,NKE
2020-05-19,93.81999969482422,90.81999969482422,90.8499984741211,91.51000213623048,6514100.0,91.08052825927734,NKE
2020-05-20,93.86000061035156,92.6999969482422,93.1999969482422,92.9499969482422,6347000.0,92.5137710571289,NKE
2020-05-21,94.37999725341795,92.37000274658205,92.87999725341795,94.26000213623048,7504300.0,93.81761932373048,NKE
2020-05-22,94.6500015258789,93.3499984741211,94.41999816894531,93.75,4049500.0,93.3100128173828,NKE
2020-05-26,97.43000030517578,95.27999877929688,95.9800033569336,96.62000274658205,7185200.0,96.1665496826172,NKE
2020-05-27,99.98999786376952,97.62000274658205,98.12000274658205,99.87000274658205,7915900.0,99.40129852294922,NKE
2020-05-28,100.69000244140624,98.25,100.08999633789062,98.45999908447266,7260700.0,97.9979019165039,NKE
2020-05-29,99.25,96.93000030517578,98.19000244140624,98.58000183105469,10333400.0,98.3621063232422,NKE
2020-06-01,99.77999877929688,97.88999938964844,98.4000015258789,99.54000091552734,4295400.0,99.31997680664062,NKE
2020-06-02,100.87999725341795,98.81999969482422,99.41999816894531,100.73999786376952,10798700.0,100.51732635498048,NKE
2020-06-03,104.5500030517578,101.12000274658205,101.26000213623048,104.11000061035156,5867700.0,103.87987518310548,NKE
2020-06-04,103.9000015258789,100.47000122070312,103.66000366210938,101.27999877929688,8775000.0,101.0561294555664,NKE
2020-06-05,104.69000244140624,102.12999725341795,104.0,102.70999908447266,8363600.0,102.48297119140624,NKE
2020-06-08,104.3000030517578,102.70999908447266,103.0500030517578,104.29000091552734,6165400.0,104.05947875976562,NKE
2020-06-09,103.7699966430664,102.43000030517578,102.81999969482422,102.62999725341795,5385900.0,102.40314483642578,NKE
2020-06-10,103.1500015258789,101.70999908447266,103.0,102.12000274658205,5194200.0,101.89427947998048,NKE
2020-06-11,98.98999786376952,94.87999725341795,98.37999725341795,95.16999816894531,10976900.0,94.95963287353516,NKE
2020-06-12,97.8000030517578,94.73999786376952,97.8000030517578,96.43000030517578,7415700.0,96.21685028076172,NKE
2020-06-15,98.08000183105469,93.44000244140624,93.9000015258789,97.83999633789062,8645300.0,97.6237335205078,NKE
2020-06-16,101.33999633789062,97.72000122070312,101.25,99.04000091552734,6054400.0,98.82108306884766,NKE
2020-06-17,100.23999786376952,98.88999938964844,99.0,99.20999908447266,3404700.0,98.99070739746094,NKE
2020-06-18,99.41999816894531,97.8499984741211,98.69000244140624,98.4499969482422,4392400.0,98.23238372802734,NKE
2020-06-19,99.9800033569336,95.77999877929688,99.97000122070312,95.77999877929688,10304000.0,95.56829071044922,NKE
2020-06-22,99.54000091552734,96.0199966430664,96.8499984741211,99.51000213623048,6918200.0,99.29004669189452,NKE
2020-06-23,102.22000122070312,100.70999908447266,101.1500015258789,101.91999816894531,6499000.0,101.69471740722656,NKE
2020-06-24,101.8499984741211,98.08999633789062,100.94000244140624,100.08000183105469,8611600.0,99.8587875366211,NKE
2020-06-25,101.68000030517578,98.8000030517578,99.2300033569336,101.4000015258789,11531400.0,101.17587280273438,NKE
2020-06-26,98.77999877929688,93.56999969482422,98.5,93.66999816894531,24918500.0,93.46295166015624,NKE
2020-06-29,96.0,93.6999969482422,93.6999969482422,95.87000274658205,9624200.0,95.65809631347656,NKE
2020-06-30,98.3000030517578,95.63999938964844,96.0,98.0500030517578,9065500.0,97.8332748413086,NKE
2020-07-01,98.72000122070312,97.11000061035156,98.5,97.4000015258789,5733800.0,97.18470764160156,NKE
2020-07-02,99.66000366210938,98.0199966430664,98.77999877929688,98.43000030517578,5354900.0,98.21243286132812,NKE
2020-07-06,100.02999877929688,99.04000091552734,99.62000274658205,99.9499969482422,4995000.0,99.72907257080078,NKE
2020-07-07,99.5500030517578,96.91999816894531,99.22000122070312,97.06999969482422,6352900.0,96.85543823242188,NKE
2020-07-08,98.9800033569336,96.95999908447266,97.5,98.83999633789062,5634600.0,98.62152099609376,NKE
2020-07-09,98.91000366210938,96.37000274658205,98.5500030517578,96.98999786376952,6282300.0,96.7756118774414,NKE
2020-07-10,98.0500030517578,95.72000122070312,97.0,97.98999786376952,3967000.0,97.77339935302734,NKE
2020-07-13,98.94000244140624,96.26000213623048,98.25,96.45999908447266,4845600.0,96.24678802490234,NKE
2020-07-14,97.25,95.51000213623048,96.33000183105469,96.76000213623048,4850600.0,96.54612731933594,NKE
2020-07-15,99.04000091552734,97.30999755859376,98.41000366210938,98.54000091552734,5343700.0,98.32218933105469,NKE
2020-07-16,98.2300033569336,97.04000091552734,97.5,97.26000213623048,3594700.0,97.0450210571289,NKE
2020-07-17,97.2300033569336,96.04000091552734,96.9499969482422,96.27999877929688,7405700.0,96.0671844482422,NKE
2020-07-20,96.3499984741211,95.11000061035156,95.5,95.6500015258789,5822300.0,95.4385757446289,NKE
2020-07-21,99.0,96.0999984741211,96.91999816894531,98.36000061035156,5857100.0,98.14258575439452,NKE
2020-07-22,98.98999786376952,97.91000366210938,98.16000366210938,98.91000366210938,4097000.0,98.69137573242188,NKE
2020-07-23,100.18000030517578,97.72000122070312,98.3499984741211,98.3000030517578,4530500.0,98.08272552490234,NKE
2020-07-24,99.36000061035156,97.6999969482422,98.13999938964844,98.43000030517578,5638400.0,98.21243286132812,NKE
2020-07-27,98.4000015258789,96.88999938964844,96.95999908447266,97.20999908447266,4273400.0,96.99512481689452,NKE
2020-07-28,97.47000122070312,96.16000366210938,96.9499969482422,96.2699966430664,3822600.0,96.05720520019531,NKE
2020-07-29,97.5500030517578,96.3000030517578,96.43000030517578,96.97000122070312,6872400.0,96.7556610107422,NKE
2020-07-30,97.2300033569336,95.8000030517578,96.47000122070312,96.81999969482422,4018400.0,96.60598754882812,NKE
2020-07-31,97.6500015258789,96.3000030517578,96.88999938964844,97.61000061035156,5510400.0,97.39424896240234,NKE
2020-08-03,99.29000091552734,97.81999969482422,98.02999877929688,98.33000183105469,5472700.0,98.11265563964844,NKE
2020-08-04,97.9499969482422,96.5500030517578,97.79000091552734,97.33000183105469,7539300.0,97.1148681640625,NKE
2020-08-05,101.25,97.08000183105469,97.12000274658205,100.94000244140624,7227100.0,100.71688842773438,NKE
2020-08-06,101.18000030517578,100.02999877929688,100.63999938964844,100.4499969482422,4060900.0,100.22796630859376,NKE
2020-08-07,101.91000366210938,99.88999938964844,101.0,101.86000061035156,5545000.0,101.63484954833984,NKE
2020-08-10,106.83000183105469,102.4000015258789,102.47000122070312,105.41000366210938,12678000.0,105.17700958251952,NKE
2020-08-11,107.33000183105469,104.86000061035156,106.8499984741211,105.12000274658205,5400700.0,104.8876495361328,NKE
2020-08-12,105.88999938964844,103.37999725341795,105.72000122070312,105.22000122070312,4714800.0,104.9874267578125,NKE
2020-08-13,106.98999786376952,105.1999969482422,105.3000030517578,106.5199966430664,4281700.0,106.2845458984375,NKE
2020-08-14,106.77999877929688,105.45999908447266,106.12000274658205,106.43000030517578,2985700.0,106.19474792480469,NKE
2020-08-17,106.5,105.12000274658205,106.5,105.66000366210938,3017000.0,105.42645263671876,NKE
2020-08-18,107.0,105.47000122070312,106.45999908447266,106.97000122070312,5023000.0,106.73355865478516,NKE
2020-08-19,109.69000244140624,107.3499984741211,107.69000244140624,108.38999938964844,9508100.0,108.1504135131836,NKE
2020-08-20,108.73999786376952,107.3499984741211,107.55999755859376,108.01000213623048,4304000.0,107.77125549316406,NKE
2020-08-21,109.7699966430664,107.75,108.0,109.75,5564000.0,109.50740814208984,NKE
2020-08-24,112.0,109.9000015258789,110.0,111.83000183105469,8173100.0,111.58281707763672,NKE
2020-08-25,112.27999877929688,111.08999633789062,112.0,111.51000213623048,4380900.0,111.26351928710938,NKE
2020-08-26,112.08999633789062,111.29000091552734,111.91999816894531,111.52999877929688,4477900.0,111.28347778320312,NKE
2020-08-27,112.79000091552734,110.5,111.98999786376952,110.83999633789062,4390800.0,110.59500122070312,NKE
2020-08-28,112.66999816894531,110.56999969482422,111.01000213623048,112.29000091552734,3731100.0,112.29000091552734,NKE
2020-08-31,112.5199966430664,111.13999938964844,112.13999938964844,111.88999938964844,3519800.0,111.88999938964844,NKE
2020-09-01,114.9000015258789,111.83000183105469,112.0,114.83999633789062,4914000.0,114.83999633789062,NKE
2020-09-02,117.41000366210938,114.5,115.05999755859376,116.8000030517578,6775400.0,116.8000030517578,NKE
2020-09-03,116.9000015258789,112.0,116.8000030517578,112.8499984741211,7264400.0,112.8499984741211,NKE
2020-09-04,113.75,110.20999908447266,112.95999908447266,112.4000015258789,5157600.0,112.4000015258789,NKE
2020-09-08,113.83999633789062,110.54000091552734,111.29000091552734,112.72000122070312,5300100.0,112.72000122070312,NKE
2020-09-09,116.20999908447266,112.83000183105469,113.0199966430664,114.9000015258789,5997900.0,114.9000015258789,NKE
2020-09-10,118.2300033569336,114.0,115.9000015258789,114.79000091552734,5032800.0,114.79000091552734,NKE
2020-09-11,119.25,116.41999816894531,116.76000213623048,118.0,8565200.0,118.0,NKE
2020-09-14,119.93000030517578,118.16999816894531,118.5,119.27999877929688,4990300.0,119.27999877929688,NKE
2020-09-15,120.4800033569336,119.18000030517578,119.6999969482422,119.2699966430664,5934200.0,119.2699966430664,NKE
2020-09-16,119.69000244140624,118.16000366210938,118.30999755859376,118.58999633789062,7023700.0,118.58999633789062,NKE
2020-09-17,118.5500030517578,115.8000030517578,117.33999633789062,116.36000061035156,7376400.0,116.36000061035156,NKE
2020-09-18,117.91000366210938,114.48999786376952,115.43000030517578,114.66000366210938,12876600.0,114.66000366210938,NKE
2020-09-21,114.05999755859376,111.73999786376952,112.9499969482422,113.37000274658205,8486400.0,113.37000274658205,NKE
2020-09-22,117.1999969482422,112.8499984741211,113.0999984741211,116.87000274658205,13007200.0,116.87000274658205,NKE
2020-09-23,130.3800048828125,125.26000213623048,130.22000122070312,127.11000061035156,37822700.0,127.11000061035156,NKE
2020-09-24,127.54000091552734,123.3000030517578,126.44000244140624,124.75,13485800.0,124.75,NKE
2020-09-25,124.75,122.2699966430664,123.6500015258789,124.2300033569336,9182800.0,124.2300033569336,NKE
2020-09-28,126.19000244140624,123.88999938964844,125.16000366210938,124.31999969482422,7525000.0,124.31999969482422,NKE
2020-09-29,127.0999984741211,123.95999908447266,124.33999633789062,126.3499984741211,7796400.0,126.3499984741211,NKE
2020-09-30,127.27999877929688,125.16000366210938,126.0999984741211,125.54000091552734,8698000.0,125.54000091552734,NKE
2020-10-01,127.7300033569336,125.30999755859376,127.7300033569336,126.63999938964844,5637200.0,126.63999938964844,NKE
2020-10-02,126.8000030517578,123.58999633789062,124.3499984741211,126.63999938964844,7491100.0,126.63999938964844,NKE
2020-10-05,128.5,126.4499969482422,127.06999969482422,127.91000366210938,8270300.0,127.91000366210938,NKE
2020-10-06,130.44000244140622,127.2699966430664,128.83999633789062,127.6500015258789,5978000.0,127.6500015258789,NKE
2020-10-07,130.41000366210938,128.25,128.39999389648438,130.05999755859378,4390500.0,130.05999755859378,NKE
2020-10-08,130.92999267578122,129.50999450683594,130.39999389648438,129.71000671386722,3595600.0,129.71000671386722,NKE
2020-10-09,131.19000244140622,129.33000183105472,129.99000549316406,130.97999572753906,4293400.0,130.97999572753906,NKE
2020-10-12,131.33999633789062,129.25999450683594,131.19000244140622,129.46000671386722,5136500.0,129.46000671386722,NKE
2020-10-13,129.8699951171875,127.95999908447266,128.05000305175778,129.19999694824222,4245000.0,129.19999694824222,NKE
2020-10-14,129.60000610351562,127.01000213623048,129.52999877929688,127.66000366210938,3587300.0,127.66000366210938,NKE
2020-10-15,129.10000610351562,126.11000061035156,126.4800033569336,129.0,4235800.0,129.0,NKE
2020-10-16,130.19000244140622,127.5500030517578,129.50999450683594,128.0,6010900.0,128.0,NKE
2020-10-19,129.77999877929688,127.0500030517578,129.10000610351562,127.43000030517578,5160800.0,127.43000030517578,NKE
2020-10-20,129.89999389648438,127.72000122070312,128.0,128.49000549316406,3799200.0,128.49000549316406,NKE
2020-10-21,131.3800048828125,128.44999694824222,128.5,129.42999267578122,4916300.0,129.42999267578122,NKE
2020-10-22,130.25999450683594,128.86000061035156,129.60000610351562,130.02000427246094,2869900.0,130.02000427246094,NKE
2020-10-23,130.60000610351562,128.64999389648438,130.0,129.99000549316406,4046300.0,129.99000549316406,NKE
2020-10-26,129.6199951171875,126.68000030517578,129.05999755859378,128.3699951171875,5422500.0,128.3699951171875,NKE
2020-10-27,129.49000549316406,127.9000015258789,128.77999877929688,127.98999786376952,2985700.0,127.98999786376952,NKE
2020-10-28,126.4000015258789,121.04000091552734,125.27999877929688,122.08000183105469,8618300.0,122.08000183105469,NKE
2020-10-29,124.19000244140624,121.1500015258789,122.27999877929688,122.86000061035156,4947000.0,122.86000061035156,NKE
2020-10-30,123.66000366210938,118.8000030517578,123.66000366210938,120.08000183105469,7791600.0,120.08000183105469,NKE
